System;;;;;;;;;;;;;;;;;;;;;;System Core C-States;;;;;System Pack C-States;;;;;;Socket0;;;;;;;;;;;;;;;;Socket1;;;;;;;;;;;;;;;;Socket2;;;;;;;;;;;;;;;;Socket3;;;;;;;;;;;;;;;;SKT0trafficOut;;;SKT0trafficOut (percent);;;SKT1trafficOut;;;SKT1trafficOut (percent);;;SKT2trafficOut;;;SKT2trafficOut (percent);;;SKT3trafficOut;;;SKT3trafficOut (percent);;;SKT0 Core C-State;;;;;SKT0 Package C-State;;;;SKT1 Core C-State;;;;;SKT1 Package C-State;;;;SKT2 Core C-State;;;;;SKT2 Package C-State;;;;SKT3 Core C-State;;;;;SKT3 Package C-State;;;;Proc Energy (Joules);;;;DRAM Energy (Joules);;;;
Date;Time;EXEC;IPC;FREQ;AFREQ;L3MISS;L2MISS;L3HIT;L2HIT;L3MPI;L2MPI;READ;WRITE;INST;ACYC;TIME(ticks);PhysIPC;PhysIPC%;INSTnom;INSTnom%;TotalQPIout;C0res%;C1res%;C3res%;C6res%;C7res%;C2res%;C3res%;C6res%;C7res%;Proc Energy (Joules);DRAM Energy (Joules);EXEC;IPC;FREQ;AFREQ;L3MISS;L2MISS;L3HIT;L2HIT;L3MPI;L2MPI;L3OCC;LMB;RMB;READ;WRITE;TEMP;EXEC;IPC;FREQ;AFREQ;L3MISS;L2MISS;L3HIT;L2HIT;L3MPI;L2MPI;L3OCC;LMB;RMB;READ;WRITE;TEMP;EXEC;IPC;FREQ;AFREQ;L3MISS;L2MISS;L3HIT;L2HIT;L3MPI;L2MPI;L3OCC;LMB;RMB;READ;WRITE;TEMP;EXEC;IPC;FREQ;AFREQ;L3MISS;L2MISS;L3HIT;L2HIT;L3MPI;L2MPI;L3OCC;LMB;RMB;READ;WRITE;TEMP;QPI0;QPI1;QPI2;QPI0;QPI1;QPI2;QPI0;QPI1;QPI2;QPI0;QPI1;QPI2;QPI0;QPI1;QPI2;QPI0;QPI1;QPI2;QPI0;QPI1;QPI2;QPI0;QPI1;QPI2;C0res%;C1res%;C3res%;C6res%;C7res%;C2res%;C3res%;C6res%;C7res%;C0res%;C1res%;C3res%;C6res%;C7res%;C2res%;C3res%;C6res%;C7res%;C0res%;C1res%;C3res%;C6res%;C7res%;C2res%;C3res%;C6res%;C7res%;C0res%;C1res%;C3res%;C6res%;C7res%;C2res%;C3res%;C6res%;C7res%;SKT0;SKT1;SKT2;SKT3;SKT0;SKT1;SKT2;SKT3;
2018-01-24;13:21:09.781;0.631;2.05;0.308;0.809;1.55;37.9;0.959;0.951;7.2e-06;0.000176;0.206;0.204;2.16e+05;1.05e+05;2.15e+03;4.1;102;1.26;31.6;249;38.1;37.5;0.612;23.8;0;20.4;0;0;0;232;26.2;0.839;2.04;0.412;0.81;0.487;15;0.968;0.947;6.78e-06;0.000209; 52000;14;33;0.0657;0.0567;45;0.84;2.06;0.408;0.81;0.426;1.51;0.718;0.994;5.92e-06;2.1e-05; 49280;18;54;0.051;0.0525;47;0.835;2.06;0.406;0.81;0.391;1.57;0.752;0.993;5.47e-06;2.2e-05; 51920;19;44;0.0589;0.0567;49;0.00622;1.23;0.00505;0.764;0.249;19.9;0.987;0.012;0.000471;0.0375; 22320;0;19;0.0303;0.0378;53;27;26.2;21.6;  0%;  0%;  0%;23.9;17.2;25.6;  0%;  0%;  0%;24.2;25.4;16.5;  0%;  0%;  0%;12.3;12.3;17.2;  0%;  0%;  0%;50.9;49.1;0;0.0356;0;0;0;0;0;50.4;49.6;0;0.0141;0;0;0;0;0;50.1;49.6;0.0169;0.303;0;0;0;0;0;0.662;1.5;2.44;95.4;0;82;0;0;0;66.9;65.6;67.4;31.8;7.01 ;6.72 ;6.79 ;5.73 ;
2018-01-24;13:21:10.794;0.5;2.24;0.223;0.809;13.2;42;0.686;0.895;7.75e-05;0.000247;1.23;1.05;1.7e+05;7.57e+04;2.13e+03;4.49;112;0.999;25;1.75e+03;27.5;31.6;0.179;40.8;0;5.37;0;0;0;199;30.3;0.668;2.23;0.3;0.809;4.92;16.5;0.702;0.886;8.65e-05;0.00029; 53520;135;385;0.338;0.266;46;0.658;2.26;0.291;0.81;4.05;6.9;0.413;0.943;7.24e-05;0.000123; 47280;104;290;0.292;0.256;47;0.668;2.26;0.296;0.81;4.06;7.72;0.474;0.938;7.15e-05;0.000136; 53600;103;298;0.321;0.271;49;0.00351;1.09;0.00321;0.796;0.143;10.8;0.987;0.013;0.000479;0.0363; 21840;2;14;0.278;0.254;53;215;223;91.2;  1%;  1%;  0%;181;73.8;213;  0%;  0%;  1%;181;215;71.9;  0%;  1%;  0%;85.8;89.5;111;  0%;  0%;  0%;37.1;38.4;0.165;24.3;0;8.5;0;0;0;36;40.3;0.326;23.5;0;0;0;0;0;36.6;42.3;0.156;21;0;0;0;0;0;0.404;5.25;0.0669;94.3;0;13;0;0;0;56.2;54.6;56.7;31.7;7.92 ;7.78 ;7.59 ;7.03 ;
2018-01-24;13:21:11.807;0.899;2.93;0.306;0.809;3.17;49.6;0.936;0.824;1.04e-05;0.000162;0.6;0.809;3.06e+05;1.04e+05;2.13e+03;5.87;147;1.8;44.9;921;37.9;38.6;0.0749;23.5;0;7.95;0;0;0;246;26.9;1.19;2.91;0.409;0.81;1.09;18;0.94;0.808;1.07e-05;0.000177; 52080;104;191;0.166;0.252;45;1.2;2.96;0.404;0.81;0.959;3.44;0.721;0.957;9.42e-06;3.38e-05; 51520;70;205;0.125;0.18;46;1.2;2.96;0.404;0.81;0.904;3.19;0.716;0.962;8.88e-06;3.13e-05; 51760;65;224;0.128;0.183;49;0.00816;1.01;0.00807;0.801;0.217;25;0.991;0.013;0.000313;0.036; 22320;0;14;0.181;0.194;53;101;97.3;76.9;  0%;  0%;  0%;87.1;63.8;112;  0%;  0%;  0%;84.6;109;63.6;  0%;  0%;  0%;38.1;38.7;48.3;  0%;  0%;  0%;50.6;49.3;0.091;0.104;0;0;0;0;0;50;49.9;0.0782;0.0678;0;0;0;0;0;49.9;49.9;0.0712;0.122;0;0;0;0;0;1.01;5.19;0.0592;93.7;0;31.8;0;0;0;71.3;69.8;72.3;32.2;7.36 ;6.78 ;6.85 ;5.87 ;
2018-01-24;13:21:12.818;0.51;1.67;0.306;0.81;0.823;35.6;0.977;0.781;4.74e-06;0.000205;0.139;0.135;1.73e+05;1.04e+05;2.13e+03;3.33;83.3;1.02;25.5;125;37.8;39.5;0.00768;22.7;0;2.57;0;0;0;222;24.6;0.68;1.66;0.41;0.81;0.292;15;0.981;0.735;5.05e-06;0.000259; 53680;21;30;0.0427;0.0365;45;0.679;1.68;0.405;0.81;0.195;1.43;0.863;0.967;3.38e-06;2.48e-05; 51120;5;22;0.033;0.034;46;0.676;1.67;0.405;0.81;0.172;1.34;0.871;0.97;3e-06;2.33e-05; 50880;6;27;0.0341;0.0339;49;0.00567;1.25;0.00453;0.804;0.163;17.8;0.991;0.0124;0.000338;0.037; 22480;0;16;0.0288;0.0308;53;14.1;13;14.2;  0%;  0%;  0%;9.55;8.43;12.1;  0%;  0%;  0%;9.25;11.3;7.94;  0%;  0%;  0%;6.31;6.19;12.3;  0%;  0%;  0%;50.6;49.4;0;0;0;0;0;0;0;50.1;49.9;0;0;0;0;0;0;0;50.1;49.9;0;0;0;0;0;0;0;0.563;8.73;0.0307;90.7;0;10.3;0;0;0;63.7;62.2;64.3;32.3;6.66 ;6.15 ;6.13 ;5.65 ;
2018-01-24;13:21:13.829;0.14;0.458;0.306;0.809;0.544;35.4;0.985;0.0272;1.14e-05;0.000744;0.121;0.121;4.76e+04;1.04e+05;2.12e+03;0.916;22.9;0.28;7.01;104;37.8;38.1;0.00814;24.1;0;13;0;0;0;195;23.9;0.187;0.457;0.41;0.81;0.168;15.7;0.989;0.0258;1.05e-05;0.000988; 52240;16;15;0.0367;0.0335;45;0.184;0.453;0.405;0.81;0.116;1.17;0.901;0.136;7.43e-06;7.49e-05; 51440;7;19;0.0306;0.032;46;0.184;0.453;0.405;0.81;0.105;1.09;0.904;0.119;6.71e-06;6.96e-05; 50160;6;23;0.0319;0.0331;49;0.00579;1.28;0.00453;0.786;0.156;17.4;0.991;0.0139;0.000316;0.0354; 22320;0;11;0.0217;0.0224;54;11.4;10.2;12.9;  0%;  0%;  0%;7.99;8.34;9.9;  0%;  0%;  0%;7.06;8.27;7.3;  0%;  0%;  0%;5.56;5.59;9.8;  0%;  0%;  0%;50.6;49.4;0;0;0;0;0;0;0;50;50;0;0;0;0;0;0;0;50;50;0;0;0;0;0;0;0;0.577;3.11;0.0325;96.3;0;52.1;0;0;0;54.8;53.4;55;31.7;6.59 ;6 ;6 ;5.27 ;
2018-01-24;13:21:14.840;0.141;0.459;0.306;0.81;0.507;36.3;0.986;0.0263;1.06e-05;0.000761;0.128;0.128;4.77e+04;1.04e+05;2.12e+03;0.918;22.9;0.281;7.03;101;37.8;38.8;0.00588;23.3;0;0;0;0;0;195;24.1;0.188;0.459;0.41;0.81;0.157;16.2;0.99;0.0251;9.8e-06;0.00101; 53840;19;12;0.0357;0.0337;45;0.184;0.454;0.405;0.81;0.11;1.11;0.901;0.148;7.06e-06;7.13e-05; 51760;8;22;0.0297;0.0314;47;0.184;0.454;0.405;0.81;0.0966;1.12;0.914;0.116;6.18e-06;7.16e-05; 50400;4;30;0.0316;0.0323;49;0.0057;1.28;0.00447;0.81;0.143;17.9;0.992;0.0123;0.000296;0.037; 22720;1;8;0.0305;0.031;53;10.9;9.14;11.9;  0%;  0%;  0%;8.32;8.49;10.4;  0%;  0%;  0%;6.81;7.64;6.94;  0%;  0%;  0%;5.39;5.38;9.21;  0%;  0%;  0%;50.7;49.3;0;0;0;0;0;0;0;50.1;49.9;0;0;0;0;0;0;0;50.1;49.9;0;0;0;0;0;0;0;0.552;6.07;0.0235;93.4;0;0;0;0;0;54.9;53.4;54.9;32;6.59 ;5.93 ;5.93 ;5.63 ;
2018-01-24;13:21:15.938;0.134;0.454;0.295;0.81;0.682;43.1;0.984;0.0268;1.43e-05;0.000901;0.158;0.151;4.78e+04;1.05e+05;2.12e+03;0.908;22.7;0.268;6.69;142;36.4;39.8;0.01;23.7;0;0.321;0;0;0;212;26.4;0.181;0.454;0.398;0.81;0.207;19.1;0.989;0.024;1.3e-05;0.00121; 54080;16;21;0.0447;0.04;45;0.175;0.449;0.39;0.81;0.135;1.96;0.931;0.0933;8.72e-06;0.000126; 52240;9;28;0.037;0.0373;47;0.178;0.449;0.395;0.81;0.148;2.13;0.931;0.0769;9.29e-06;0.000134; 49840;5;34;0.0385;0.0371;49;0.00609;1.15;0.00532;0.808;0.192;19.9;0.99;0.0166;0.000346;0.0357; 23520;1;8;0.0378;0.0368;54;13.2;13.1;16.6;  0%;  0%;  0%;10.1;10.8;12.4;  0%;  0%;  0%;10.6;12.9;11.8;  0%;  0%;  0%;8.63;7.64;14;  0%;  0%;  0%;49.2;50.8;0;0;0;0;0;0;0;48.2;51.8;0;0;0;0;0;0;0;48.8;51.2;0;0;0;0;0;0;0;0.658;6.39;0.0392;92.9;0;1.26;0;0;0;59.5;57.9;59.6;35;7.19 ;6.57 ;6.58 ;6.11 ;
2018-01-24;13:21:16.953;0.146;0.459;0.319;0.81;0.642;47.2;0.986;0.0245;1.25e-05;0.000915;0.131;0.134;5.15e+04;1.12e+05;2.31e+03;0.919;23;0.293;7.32;106;39.4;38.4;0.0149;22.3;0;0.218;0;0;0;196;24.1;0.195;0.459;0.424;0.81;0.204;20.3;0.99;0.0248;1.17e-05;0.00117; 52800;15;29;0.0354;0.0344;46;0.191;0.454;0.42;0.81;0.121;1.17;0.897;0.152;7.16e-06;6.94e-05; 52880;5;18;0.0313;0.0336;47;0.188;0.454;0.415;0.81;0.128;1.28;0.9;0.119;7.72e-06;7.73e-05; 50320;6;32;0.0324;0.0333;49;0.00768;1.23;0.00626;0.809;0.189;24.4;0.992;0.0115;0.000285;0.0368; 23440;0;7;0.0316;0.0323;53;11.4;11;12.6;  0%;  0%;  0%;7.58;7.29;9.4;  0%;  0%;  0%;8.03;9.88;8.28;  0%;  0%;  0%;6.26;5.02;9.23;  0%;  0%;  0%;52.4;47.6;0;0;0;0;0;0;0;51.9;48.1;0;0;0;0;0;0;0;51.3;48.7;0;0;0;0;0;0;0;0.775;8.2;0.0608;91;0;0.891;0;0;0;55;53.6;55.2;32.2;6.53 ;5.95 ;5.98 ;5.59 ;
2018-01-24;13:21:17.964;0.141;0.458;0.307;0.81;0.615;36.7;0.983;0.0289;1.29e-05;0.000767;0.139;0.138;4.78e+04;1.04e+05;2.13e+03;0.916;22.9;0.281;7.03;118;37.9;39.4;0.00833;22.7;0;0;0;0;0;195;24.2;0.188;0.458;0.411;0.81;0.212;15.9;0.987;0.0311;1.33e-05;0.000992; 53280;20;15;0.0386;0.0356;46;0.184;0.454;0.406;0.81;0.117;1.26;0.907;0.136;7.49e-06;8.07e-05; 51200;3;14;0.0326;0.0342;47;0.184;0.454;0.406;0.81;0.12;1.37;0.913;0.106;7.63e-06;8.73e-05; 49360;4;26;0.034;0.0345;49;0.00579;1.26;0.00459;0.81;0.166;18.2;0.991;0.012;0.000337;0.037; 23600;0;9;0.0333;0.0339;54;12.8;12.1;14.8;  0%;  0%;  0%;8.53;8.27;11.5;  0%;  0%;  0%;8.01;10.6;8.08;  0%;  0%;  0%;6.15;5.47;11.4;  0%;  0%;  0%;50.7;49.3;0;0;0;0;0;0;0;50.1;49.9;0;0;0;0;0;0;0;50.1;49.9;0;0;0;0;0;0;0;0.567;8.55;0.0334;90.9;0;0;0;0;0;54.8;53.3;54.9;32.1;6.59 ;5.94 ;6.02 ;5.63 ;
2018-01-24;13:21:18.974;0.163;0.532;0.306;0.81;0.626;34;0.982;0.19;1.13e-05;0.000615;0.136;0.142;5.53e+04;1.04e+05;2.12e+03;1.06;26.6;0.326;8.14;118;37.8;38.9;0.00655;23.4;0;0;0;0;0;197;24.1;0.216;0.529;0.409;0.81;0.203;14.3;0.986;0.152;1.11e-05;0.000776; 51200;13;23;0.0376;0.037;46;0.214;0.529;0.405;0.81;0.147;1.21;0.879;0.678;8.1e-06;6.67e-05; 50000;4;31;0.0314;0.0339;47;0.215;0.531;0.405;0.81;0.134;1.21;0.889;0.685;7.36e-06;6.63e-05; 51040;7;25;0.0341;0.0359;49;0.00551;1.28;0.0043;0.81;0.142;17.3;0.992;0.0123;0.000302;0.037; 23680;0;7;0.0329;0.0348;54;12.3;10.9;12.6;  0%;  0%;  0%;10.3;9.24;12;  0%;  0%;  0%;9.16;9.91;8.24;  0%;  0%;  0%;6.51;6.17;10.1;  0%;  0%;  0%;50.6;49.4;0;0;0;0;0;0;0;50;50;0;0;0;0;0;0;0;50;50;0;0;0;0;0;0;0;0.531;6.04;0.0262;93.4;0;0;0;0;0;55.4;54.1;55.7;32;6.57 ;5.92 ;6.04 ;5.61 ;
2018-01-24;13:21:20.058;0.604;2.05;0.294;0.809;2.72;37.6;0.928;0.879;1.26e-05;0.000175;0.298;0.263;2.15e+05;1.05e+05;2.12e+03;4.1;103;1.21;30.2;389;36.4;38.8;0.164;24.6;0;12.4;0;0;0;246;27.7;0.812;2.06;0.394;0.81;0.931;16;0.942;0.838;1.3e-05;0.000225; 51200;46;80;0.0804;0.0676;45;0.8;2.05;0.39;0.81;0.818;3.39;0.759;0.963;1.16e-05;4.82e-05; 49760;63;51;0.0947;0.071;46;0.816;2.05;0.397;0.81;0.745;3.18;0.766;0.97;1.02e-05;4.36e-05; 51760;18;96;0.0694;0.0663;49;0.00451;1.09;0.00414;0.782;0.227;15;0.985;0.013;0.000554;0.0365; 23760;0;9;0.0533;0.0579;53;51.5;44.4;28.2;  0%;  0%;  0%;43;21;50.7;  0%;  0%;  0%;41.2;41.2;18;  0%;  0%;  0%;13.1;15;21.4;  0%;  0%;  0%;48.7;51.1;0.0382;0.175;0;0;0;0;0;48.1;51.5;0.0147;0.374;0;0;0;0;0;49.1;50.7;0;0.25;0;0;0;0;0;0.529;3.17;0.59;95.7;0;48.7;0;0;0;71.1;69.4;71.8;34;7.41 ;7 ;7.02 ;6.31 ;
2018-01-24;13:21:21.070;0.582;1.84;0.317;0.809;7.36;46.1;0.84;0.955;3.64e-05;0.000228;1.06;1.45;2.02e+05;1.1e+05;2.27e+03;3.67;91.8;1.16;29.1;1.81e+03;39.2;37.2;0.00545;23.6;0;17.9;0;0;0;230;30.2;0.779;1.84;0.424;0.81;2.11;19.4;0.891;0.943;3.08e-05;0.000282; 46080;131;332;0.279;0.372;45;0.765;1.83;0.419;0.81;3.05;5.14;0.407;0.985;4.53e-05;7.64e-05; 50720;172;505;0.242;0.342;46;0.763;1.85;0.412;0.81;1.99;3.83;0.48;0.988;3.01e-05;5.8e-05; 51680;110;354;0.268;0.368;49;0.00566;1.24;0.00456;0.78;0.213;17.8;0.988;0.0124;0.000442;0.0369; 23520;0;6;0.276;0.368;54;203;174;118;  1%;  0%;  0%;211;150;216;  1%;  0%;  1%;198;175;111;  0%;  0%;  0%;72.5;96.7;79.6;  0%;  0%;  0%;52.4;47.6;0;0;0;0;0;0;0;51.7;48.3;0;0;0;0;0;0;0;50.9;49.1;0;0;0;0;0;0;0;0.585;2.98;0.0223;96.4;0;73.2;0;0;0;66.5;64.9;66.9;31.9;7.89 ;7.63 ;7.96 ;6.73 ;
2018-01-24;13:21:22.083;0.463;1.51;0.306;0.81;54.8;155;0.648;0.815;0.000347;0.000986;4.09;2.92;1.58e+05;1.04e+05;2.13e+03;3.03;75.7;0.927;23.2;6.45e+03;37.8;39.9;0.00611;22.2;0;0;0;0;0;230;39.3;0.614;1.49;0.411;0.81;19.1;57.5;0.668;0.801;0.000366;0.0011; 51440;382;1250;1.05;0.762;45;0.616;1.52;0.405;0.81;18;40.6;0.557;0.85;0.000343;0.000775; 50640;416;1087;1.02;0.759;47;0.618;1.53;0.405;0.81;17.5;39.6;0.558;0.85;0.000333;0.000753; 51840;356;1106;1.03;0.767;49;0.0056;1.25;0.00447;0.81;0.192;17.7;0.989;0.0117;0.000403;0.0371; 23360;0;7;0.988;0.635;53;752;739;313;  3%;  3%;  1%;696;282;747;  3%;  1%;  3%;699;741;278;  3%;  3%;  1%;388;392;422;  1%;  2%;  2%;50.7;49.3;0;0;0;0;0;0;0;50;50;0;0;0;0;0;0;0;50;50;0;0;0;0;0;0;0;0.553;10.5;0.0244;88.9;0;0;0;0;0;65.8;64.2;66.5;33.1;9.92 ;10.1 ;10.4 ;8.94 ;
2018-01-24;13:21:23.096;0.365;1.19;0.306;0.81;83.4;200;0.584;0.628;0.000672;0.00161;5.71;2.27;1.24e+05;1.04e+05;2.13e+03;2.38;59.5;0.73;18.2;7.97e+03;37.8;41.7;0.00531;20.4;0;0;0;0;0;227;44.3;0.475;1.16;0.411;0.81;30.2;72.3;0.582;0.599;0.000748;0.00179; 53200;509;1488;1.44;0.616;45;0.478;1.18;0.405;0.81;27.8;57;0.512;0.655;0.000683;0.0014; 52080;489;1404;1.43;0.637;46;0.5;1.23;0.405;0.81;25.2;53.1;0.526;0.696;0.000592;0.00125; 51520;436;1297;1.43;0.667;48;0.00594;1.29;0.0046;0.81;0.165;17.9;0.991;0.014;0.000326;0.0355; 23760;0;9;1.42;0.355;53;845;805;349;  4%;  4%;  1%;764;307;870;  3%;  1%;  4%;797;863;290;  4%;  4%;  1%;642;686;755;  3%;  3%;  3%;50.7;49.3;0;0;0;0;0;0;0;50;50;0;0;0;0;0;0;0;50.1;49.9;0;0;0;0;0;0;0;0.569;17.7;0.0213;81.7;0;0;0;0;0;64.4;62.8;65.6;33.7;10.9 ;11.4 ;11.8 ;10.1 ;
2018-01-24;13:21:24.110;0.398;1.3;0.307;0.81;70.1;178;0.606;0.718;0.000517;0.00131;4.74;1.83;1.36e+05;1.04e+05;2.13e+03;2.6;64.9;0.796;19.9;6.55e+03;37.9;39.6;0.00465;22.5;0;0.158;0;0;0;227;42.2;0.486;1.18;0.41;0.81;28.8;69.6;0.587;0.628;0.000697;0.00169; 51440;485;1384;1.19;0.503;45;0.522;1.29;0.406;0.81;23.4;49.6;0.527;0.749;0.000527;0.00112; 50080;426;1227;1.18;0.516;46;0.579;1.43;0.405;0.81;17.7;39.4;0.55;0.827;0.00036;0.0008; 50800;309;911;1.19;0.528;48;0.0062;1.2;0.00516;0.808;0.164;19.5;0.992;0.0125;0.000311;0.0369; 23840;0;7;1.18;0.282;53;705;606;293;  3%;  3%;  1%;564;250;771;  2%;  1%;  3%;649;756;232;  3%;  3%;  1%;480;571;674;  2%;  2%;  3%;50.7;49.3;0;0;0;0;0;0;0;50.1;49.9;0;0;0;0;0;0;0;50.1;49.9;0;0;0;0;0;0;0;0.639;9.18;0.0186;90.2;0;0.632;0;0;0;64.4;63.3;66.4;32.7;10.5 ;10.9 ;11.2 ;9.65 ;
2018-01-24;13:21:25.122;0.561;1.83;0.306;0.81;8.44;52.5;0.839;0.952;4.42e-05;0.000275;0.614;0.239;1.91e+05;1.04e+05;2.13e+03;3.67;91.7;1.12;28.1;747;37.8;38.8;0.00508;23.3;0;0;0;0;0;231;32.4;0.719;1.75;0.41;0.81;5.49;26.2;0.79;0.928;8.97e-05;0.000428; 50320;100;258;0.16;0.0743;45;0.757;1.87;0.405;0.81;1.61;4.86;0.668;0.987;2.51e-05;7.54e-05; 50320;28;80;0.152;0.064;46;0.764;1.88;0.405;0.81;1.19;4.01;0.703;0.989;1.84e-05;6.18e-05; 50480;24;61;0.152;0.0608;49;0.00555;1.28;0.00433;0.81;0.148;17.5;0.992;0.0126;0.000313;0.037; 23840;0;7;0.149;0.0396;53;62;56;37.8;  0%;  0%;  0%;45.7;27.5;120;  0%;  0%;  0%;50.9;116;28.8;  0%;  0%;  0%;44;47.8;110;  0%;  0%;  0%;50.6;49.4;0;0;0;0;0;0;0;50.1;49.9;0;0;0;0;0;0;0;50.1;49.9;0;0;0;0;0;0;0;0.534;6.06;0.0203;93.4;0;0;0;0;0;66.5;65.3;67.5;32;8.17 ;8.29 ;8.28 ;7.64 ;
2018-01-24;13:21:26.173;0.568;1.9;0.299;0.81;1.56;35.9;0.957;0.969;7.85e-06;0.000181;0.179;0.108;1.98e+05;1.05e+05;2.13e+03;3.79;94.8;1.14;28.4;150;37;39.3;0.00566;23.7;0;0;0;0;0;241;31.3;0.763;1.9;0.401;0.81;0.173;13.2;0.987;0.967;2.61e-06;0.000199; 51600;10;5;0.0497;0.0309;45;0.76;1.91;0.398;0.81;0.118;1.3;0.91;0.997;1.78e-06;1.98e-05; 49360;1;6;0.0431;0.0243;46;0.752;1.88;0.4;0.81;1.12;4.06;0.724;0.989;1.7e-05;6.18e-05; 49120;18;63;0.0444;0.0315;48;0.00534;1.26;0.00423;0.81;0.148;17.4;0.991;0.0125;0.000313;0.0368; 24000;0;8;0.0415;0.0214;53;7.18;27.5;10.1;  0%;  0%;  0%;24.9;6.97;6.49;  0%;  0%;  0%;7.17;8.31;8.37;  0%;  0%;  0%;24.6;7.42;10.8;  0%;  0%;  0%;49.6;50.4;0;0;0;0;0;0;0;49.1;50.9;0;0;0;0;0;0;0;49.4;50.6;0;0;0;0;0;0;0;0.522;6.02;0.0224;93.4;0;0;0;0;0;69.6;67.9;70;33.3;8.01 ;7.93 ;7.98 ;7.42 ;
2018-01-24;13:21:27.186;0.492;1.57;0.312;0.81;40.4;113;0.642;0.868;0.000238;0.000665;2.87;1.1;1.7e+05;1.08e+05;2.21e+03;3.15;78.7;0.984;24.6;3.83e+03;38.6;38.7;0.00853;22.7;0;0;0;0;0;229;35.1;0.654;1.57;0.417;0.81;13.9;39.9;0.652;0.865;0.000245;0.000704; 52960;246;769;0.722;0.302;45;0.653;1.58;0.412;0.81;13.2;27.5;0.519;0.901;0.000234;0.000486; 50560;243;772;0.714;0.302;46;0.647;1.58;0.41;0.81;13.2;27.7;0.525;0.894;0.000236;0.000496; 52640;199;618;0.717;0.319;49;0.00562;1.26;0.00446;0.81;0.149;17.7;0.992;0.0122;0.000312;0.0369; 23920;0;11;0.714;0.181;53;399;396;160;  2%;  2%;  0%;387;148;402;  1%;  0%;  2%;386;398;142;  1%;  2%;  0%;329;333;349;  1%;  1%;  1%;51.5;48.5;0;0;0;0;0;0;0;51;49;0;0;0;0;0;0;0;50.7;49.3;0;0;0;0;0;0;0;0.551;7.3;0.0346;92.1;0;0;0;0;0;65.7;64.1;66.5;32.3;8.98 ;9.02 ;9.15 ;7.97 ;
2018-01-24;13:21:28.199;0.368;1.2;0.307;0.809;83.1;201;0.586;0.607;0.000663;0.0016;5.61;2.05;1.25e+05;1.04e+05;2.13e+03;2.4;60.1;0.737;18.4;7.61e+03;37.9;38.8;0.00835;23.3;0;10.8;0;0;0;225;43.6;0.487;1.19;0.41;0.81;28.7;69.2;0.585;0.597;0.000693;0.00167; 51200;531;1588;1.41;0.564;45;0.489;1.2;0.405;0.81;27.4;56.2;0.513;0.649;0.000658;0.00135; 47600;494;1580;1.41;0.574;46;0.492;1.21;0.406;0.81;26.9;55.8;0.519;0.65;0.000643;0.00133; 52400;409;1214;1.41;0.598;48;0.00624;1.21;0.00517;0.796;0.164;19.6;0.992;0.0122;0.000309;0.0369; 24320;0;5;1.39;0.319;54;791;785;306;  4%;  4%;  1%;770;287;802;  3%;  1%;  4%;773;797;279;  3%;  4%;  1%;657;667;697;  3%;  3%;  3%;50.6;49.4;0;0;0;0;0;0;0;50.1;49.9;0;0;0;0;0;0;0;50.2;49.8;0;0;0;0;0;0;0;0.65;6.03;0.0334;93.3;0;43.1;0;0;0;64.4;62.8;65.5;32.5;10.8 ;11.3 ;11.6 ;9.89 ;
2018-01-24;13:21:29.242;0.402;1.33;0.301;0.81;67.4;168;0.598;0.731;0.000483;0.0012;4.58;1.62;1.39e+05;1.05e+05;2.13e+03;2.67;66.7;0.803;20.1;6.15e+03;37.2;40;0.00968;22.8;0;0;0;0;0;234;42.6;0.489;1.21;0.404;0.81;27.7;67.1;0.586;0.622;0.000657;0.00159; 50080;516;1493;1.15;0.45;45;0.539;1.35;0.399;0.81;21.4;44.5;0.518;0.781;0.000461;0.000956; 51280;385;1191;1.15;0.456;46;0.578;1.44;0.401;0.81;18;38.2;0.528;0.829;0.00036;0.000761; 52080;268;814;1.15;0.466;48;0.00558;1.26;0.00442;0.81;0.148;18;0.992;0.012;0.000302;0.0368; 24320;0;7;1.14;0.25;53;641;576;259;  3%;  2%;  1%;543;226;732;  2%;  1%;  3%;599;720;214;  3%;  3%;  1%;467;527;644;  2%;  2%;  3%;49.9;50.1;0;0;0;0;0;0;0;49.3;50.7;0;0;0;0;0;0;0;49.6;50.4;0;0;0;0;0;0;0;0.546;8.99;0.0384;90.4;0;0;0;0;0;66.4;65.3;68.3;33.5;10.6 ;10.9 ;11.2 ;9.86 ;
2018-01-24;13:21:30.367;0.546;1.84;0.296;0.809;8.87;52.7;0.832;0.954;4.38e-05;0.00026;0.632;0.277;2.02e+05;1.1e+05;2.19e+03;3.69;92.2;1.09;27.3;731;36.6;39.4;0.0119;24;0;3.74;0;0;0;257;33.7;0.697;1.77;0.395;0.81;5.43;26;0.791;0.929;8.57e-05;0.00041; 51920;105;266;0.163;0.0786;45;0.73;1.86;0.392;0.81;2.26;5.84;0.613;0.985;3.38e-05;8.74e-05; 53360;43;111;0.15;0.0722;46;0.765;1.9;0.402;0.81;1.02;3.08;0.669;0.992;1.42e-05;4.3e-05; 52160;18;63;0.172;0.0696;49;0.00511;1.25;0.0041;0.803;0.157;17.8;0.991;0.0122;0.000325;0.0368; 24160;0;5;0.147;0.0565;53;70.5;53.5;35;  0%;  0%;  0%;44.9;25.6;113;  0%;  0%;  0%;62.8;112;25.8;  0%;  0%;  0%;37.3;51.3;99.4;  0%;  0%;  0%;48.7;51.3;0;0;0;0;0;0;0;48.4;51.6;0;0;0;0;0;0;0;49.6;50.4;0;0;0;0;0;0;0;0.511;5.22;0.0466;94.2;0;14.7;0;0;0;74;72.4;74.9;35.4;8.64 ;8.65 ;8.69 ;7.76 ;
