System;;;;;;;;;;;;;;;;;;;;;;System Core C-States;;;;;System Pack C-States;;;;;;Socket0;;;;;;;;;;;;;;;;Socket1;;;;;;;;;;;;;;;;Socket2;;;;;;;;;;;;;;;;Socket3;;;;;;;;;;;;;;;;SKT0trafficOut;;;SKT0trafficOut (percent);;;SKT1trafficOut;;;SKT1trafficOut (percent);;;SKT2trafficOut;;;SKT2trafficOut (percent);;;SKT3trafficOut;;;SKT3trafficOut (percent);;;SKT0 Core C-State;;;;;SKT0 Package C-State;;;;SKT1 Core C-State;;;;;SKT1 Package C-State;;;;SKT2 Core C-State;;;;;SKT2 Package C-State;;;;SKT3 Core C-State;;;;;SKT3 Package C-State;;;;Proc Energy (Joules);;;;DRAM Energy (Joules);;;;
Date;Time;EXEC;IPC;FREQ;AFREQ;L3MISS;L2MISS;L3HIT;L2HIT;L3MPI;L2MPI;READ;WRITE;INST;ACYC;TIME(ticks);PhysIPC;PhysIPC%;INSTnom;INSTnom%;TotalQPIout;C0res%;C1res%;C3res%;C6res%;C7res%;C2res%;C3res%;C6res%;C7res%;Proc Energy (Joules);DRAM Energy (Joules);EXEC;IPC;FREQ;AFREQ;L3MISS;L2MISS;L3HIT;L2HIT;L3MPI;L2MPI;L3OCC;LMB;RMB;READ;WRITE;TEMP;EXEC;IPC;FREQ;AFREQ;L3MISS;L2MISS;L3HIT;L2HIT;L3MPI;L2MPI;L3OCC;LMB;RMB;READ;WRITE;TEMP;EXEC;IPC;FREQ;AFREQ;L3MISS;L2MISS;L3HIT;L2HIT;L3MPI;L2MPI;L3OCC;LMB;RMB;READ;WRITE;TEMP;EXEC;IPC;FREQ;AFREQ;L3MISS;L2MISS;L3HIT;L2HIT;L3MPI;L2MPI;L3OCC;LMB;RMB;READ;WRITE;TEMP;QPI0;QPI1;QPI2;QPI0;QPI1;QPI2;QPI0;QPI1;QPI2;QPI0;QPI1;QPI2;QPI0;QPI1;QPI2;QPI0;QPI1;QPI2;QPI0;QPI1;QPI2;QPI0;QPI1;QPI2;C0res%;C1res%;C3res%;C6res%;C7res%;C2res%;C3res%;C6res%;C7res%;C0res%;C1res%;C3res%;C6res%;C7res%;C2res%;C3res%;C6res%;C7res%;C0res%;C1res%;C3res%;C6res%;C7res%;C2res%;C3res%;C6res%;C7res%;C0res%;C1res%;C3res%;C6res%;C7res%;C2res%;C3res%;C6res%;C7res%;SKT0;SKT1;SKT2;SKT3;SKT0;SKT1;SKT2;SKT3;
2017-11-11;08:05:37.638;0.00325;0.632;0.00514;0.761;0.809;1.34;0.396;0.0871;0.000732;0.00121;0.662;1.19;1.11e+03;1.75e+03;2.12e+03;1.26;31.6;0.00649;0.162;1.24e+03;0.675;25.8;0.000524;73.5;0;39;0;0;0;132;29.4;0.0128;0.644;0.0199;0.762;0.768;1.09;0.298;0.0829;0.000705;0.001; 51280;348;1041;0.0474;0.217;51;5.93e-05;0.272;0.000218;0.731;0.0144;0.082;0.825;0.0919;0.00285;0.0163; 37360;0;3;0.199;0.273;53;5.72e-05;0.265;0.000216;0.746;0.0122;0.0794;0.847;0.0912;0.0025;0.0163; 37520;0;3;0.202;0.333;54;7.22e-05;0.274;0.000264;0.762;0.0144;0.0847;0.83;0.13;0.00234;0.0138; 12000;0;3;0.213;0.371;53;290;289;284;  1%;  1%;  1%;25.9;20.9;81.7;  0%;  0%;  0%;25.9;86.6;13.5;  0%;  0%;  0%;13.3;20.8;86;  0%;  0%;  0%;2.61;28.4;0.0021;69;0;0;0;0;0;0.0298;21.2;0;78.8;0;78;0;0;0;0.029;21;0;79;0;78;0;0;0;0.0346;32.7;0;67.3;0;0;0;0;0;35;31.4;32.5;33;7.47 ;7.19 ;7.54 ;7.23 ;
2017-11-11;08:05:38.653;0.00405;0.781;0.00518;0.762;5.93;6.5;0.087;0.0446;0.0043;0.00471;1.37;1.95;1.38e+03;1.77e+03;2.13e+03;1.56;39.1;0.0081;0.203;2.32e+03;0.68;27.9;0.00109;71.4;0;7;0;0;0;133;36.5;0.00872;0.645;0.0135;0.762;0.822;1.1;0.251;0.119;0.00111;0.00148; 51520;373;1121;0.23;0.448;51;0.00736;1.1;0.0067;0.762;5.08;5.23;0.0275;0.0254;0.00811;0.00834; 51440;233;697;0.327;0.333;52;6.03e-05;0.243;0.000248;0.762;0.0121;0.0827;0.853;0.0769;0.00236;0.0161; 25520;0;2;0.408;0.543;54;7.73e-05;0.282;0.000274;0.753;0.0163;0.0921;0.823;0.112;0.00247;0.014; 12400;0;2;0.405;0.628;53;459;320;323;  2%;  1%;  1%;180;169;227;  0%;  0%;  1%;192;109;30.6;  0%;  0%;  0%;30.4;176;107;  0%;  0%;  0%;1.77;28.8;0.00436;69.4;0;0;0;0;0;0.88;26.5;0;72.6;0;0;0;0;0;0.0326;30.4;0;69.6;0;0;0;0;0;0.0364;25.9;0;74.1;0;28;0;0;0;34.7;32.6;33.5;32.4;8.95 ;9.08 ;9.66 ;8.84 ;
2017-11-11;08:05:39.647;0.0153;1.56;0.00982;0.762;37.4;38.7;0.0347;0.0568;0.00729;0.00756;3.86;3.96;5.12e+03;3.28e+03;2.1e+03;3.12;78;0.0306;0.766;5.69e+03;1.29;81.9;0.00327;16.8;0;0.158;0;0;0;158;41.9;0.00248;1.58;0.00157;0.762;1.66;2.2;0.247;0.143;0.00798;0.0106; 32880;37;108;1.01;1.16;51;0.0586;1.59;0.0368;0.762;35.7;36.4;0.0185;0.0506;0.00728;0.00741; 51360;1207;3576;0.898;0.468;52;5.81e-05;0.131;0.000443;0.761;0.012;0.072;0.834;0.118;0.00246;0.0148; 21760;0;3;0.973;1.15;54;7.46e-05;0.163;0.000459;0.762;0.0148;0.0821;0.82;0.138;0.00237;0.0132; 11840;0;3;0.983;1.18;53;1.18e+03;65.7;73.6;  6%;  0%;  0%;611;622;667;  3%;  3%;  3%;1.08e+03;91.9;54.1;  5%;  0%;  0%;53.9;1.08e+03;105;  0%;  5%;  0%;0.206;70.6;0.0131;29.2;0;0;0;0;0;4.83;60.6;0;34.6;0;0.63;0;0;0;0.0582;99.9;0;0;0;0;0;0;0;0.0602;96.4;0;3.59;0;0;0;0;0;38;38.9;41.1;39.9;10.6 ;10.1 ;11.1 ;10.1 ;
2017-11-11;08:05:40.659;0.00658;1.18;0.00556;0.762;11.5;12.6;0.0919;0.144;0.00513;0.00564;1.29;1.34;2.24e+03;1.89e+03;2.12e+03;2.37;59.2;0.0132;0.329;2e+03;0.729;78.5;0.0017;20.8;0;0;0;0;0;154;36.4;0.00023;0.316;0.000729;0.762;0.0429;0.207;0.793;0.192;0.0022;0.0106; 32800;1;2;0.362;0.368;51;0.0256;1.32;0.0193;0.762;11.4;12.2;0.0705;0.143;0.00523;0.00563; 51280;476;1390;0.224;0.215;52;6.38e-05;0.145;0.00044;0.762;0.0124;0.0723;0.828;0.162;0.00229;0.0133; 19040;1;3;0.35;0.38;54;0.000405;0.235;0.00172;0.762;0.016;0.0883;0.819;0.171;0.000465;0.00257; 12640;0;2;0.352;0.38;53;295;46.4;44.7;  1%;  0%;  0%;282;287;292;  1%;  1%;  1%;291;46.4;42.8;  1%;  0%;  0%;42.5;286;45.3;  0%;  1%;  0%;0.0956;75.2;0.00682;24.7;0;0;0;0;0;2.54;42.9;0;54.6;0;0;0;0;0;0.0577;99.9;0;0;0;0;0;0;0;0.226;95.9;0;3.89;0;0;0;0;0;38;35.5;40.6;39.5;9.15 ;8.98 ;9.59 ;8.73 ;
2017-11-11;08:05:41.671;0.00485;0.922;0.00526;0.762;5.39;23.7;0.772;0.305;0.00327;0.0144;0.415;0.302;1.65e+03;1.79e+03;2.13e+03;1.84;46.1;0.00969;0.242;520;0.69;89.3;0.00107;9.97;0;0;0;0;0;157;32.7;0.000267;0.378;0.000705;0.762;0.0479;0.307;0.844;0.148;0.00211;0.0136; 33680;1;1;0.107;0.0886;50;0.019;0.976;0.0195;0.762;5.32;23.2;0.771;0.308;0.0033;0.0144; 51280;156;460;0.102;0.0457;52;5.8e-05;0.138;0.000421;0.761;0.0124;0.0702;0.824;0.16;0.00251;0.0142; 18960;1;3;0.1;0.0813;54;7.59e-05;0.168;0.000451;0.762;0.0149;0.08;0.813;0.171;0.00232;0.0124; 12320;1;2;0.105;0.0861;52;110;11.9;12.3;  0%;  0%;  0%;41.2;44;48;  0%;  0%;  0%;101;11.9;11.4;  0%;  0%;  0%;11.2;104;12.9;  0%;  0%;  0%;0.0925;68.6;0.00428;31.3;0;0;0;0;0;2.55;93.7;0;3.77;0;0;0;0;0;0.0553;98.6;0;1.36;0;0;0;0;0;0.0592;96.4;0;3.5;0;0;0;0;0;37.2;40.2;40.3;39.4;8.14 ;8.36 ;8.46 ;7.77 ;
2017-11-11;08:05:42.683;0.00373;0.705;0.00528;0.762;6.89;19.8;0.653;0.273;0.00544;0.0157;0.511;0.31;1.27e+03;1.8e+03;2.12e+03;1.41;35.3;0.00745;0.186;650;0.693;89.6;0.00266;9.74;0;0;0;0;0;157;33;0.000225;0.324;0.000693;0.762;0.0346;0.215;0.839;0.185;0.00181;0.0113; 33280;2;1;0.131;0.0894;51;0.0143;0.734;0.0195;0.762;6.83;19.4;0.648;0.274;0.00563;0.016; 51280;177;477;0.128;0.046;52;5.77e-05;0.14;0.000413;0.761;0.0121;0.0715;0.83;0.155;0.00247;0.0146; 19120;0;2;0.124;0.0861;54;0.000346;0.604;0.000572;0.762;0.0174;0.163;0.893;0.2;0.000593;0.00556; 12880;0;3;0.128;0.088;52;137;17.6;18.1;  0%;  0%;  0%;48.2;49.2;51.5;  0%;  0%;  0%;128;17.6;17.1;  0%;  0%;  0%;16.9;130;18.5;  0%;  0%;  0%;0.091;72.7;0.0106;27.2;0;0;0;0;0;2.55;95;0;2.42;0;0;0;0;0;0.0543;96.2;0;3.76;0;0;0;0;0;0.0752;94.4;0;5.57;0;0;0;0;0;37.6;40.2;40;39.2;8.27 ;8.47 ;8.52 ;7.77 ;
2017-11-11;08:05:43.695;0.00358;0.557;0.00643;0.762;7.42;18.4;0.598;0.26;0.00609;0.0151;0.544;0.311;1.22e+03;2.19e+03;2.13e+03;1.11;27.9;0.00717;0.179;698;0.844;87.9;0.00266;11.3;0;0;0;0;0;157;33.2;0.00147;0.271;0.00544;0.762;0.0379;0.221;0.829;0.183;0.000302;0.00176; 33440;1;4;0.138;0.0888;51;0.0127;0.654;0.0195;0.762;7.35;18.1;0.593;0.261;0.0068;0.0167; 51360;166;435;0.137;0.0475;52;5.8e-05;0.147;0.000393;0.761;0.0119;0.0705;0.831;0.159;0.00242;0.0143; 19120;0;3;0.133;0.0872;54;7.57e-05;0.182;0.000416;0.761;0.0133;0.0782;0.831;0.178;0.00206;0.0122; 12560;1;0;0.136;0.0875;52;145;19.8;20.3;  0%;  0%;  0%;51.3;51.3;53.4;  0%;  0%;  0%;138;19.8;19.4;  0%;  0%;  0%;19.1;140;20.7;  0%;  0%;  0%;0.714;68.6;0.0107;30.7;0;0;0;0;0;2.55;95;0;2.42;0;0;0;0;0;0.0516;95;0;4.95;0;0;0;0;0;0.0547;92.9;0;7.07;0;0;0;0;0;37.4;40.1;40;39.1;8.28 ;8.47 ;8.62 ;7.78 ;
2017-11-11;08:05:44.708;0.0154;0.256;0.0601;0.762;7.64;18.2;0.58;0.259;0.00146;0.00348;0.558;0.312;5.23e+03;2.04e+04;2.13e+03;0.512;12.8;0.0308;0.769;716;7.89;61.1;0.00572;31;0;0;0;0;0;154;33.2;0.000259;0.389;0.000666;0.762;0.0398;0.236;0.831;0.176;0.00181;0.0107; 33280;3;0;0.142;0.0886;50;0.0123;0.635;0.0193;0.762;7.56;17.8;0.574;0.26;0.00724;0.017; 51360;140;384;0.141;0.0485;52;0.00348;0.257;0.0136;0.762;0.0156;0.0868;0.82;0.168;5.27e-05;0.000293; 19040;0;6;0.136;0.087;54;0.0455;0.22;0.207;0.762;0.0174;0.0886;0.804;0.183;4.49e-06;2.29e-05; 12960;0;8;0.139;0.0874;52;148;20.7;21.3;  0%;  0%;  0%;52.1;52.2;54.1;  0%;  0%;  0%;142;20.6;20.3;  0%;  0%;  0%;20.1;143;21.6;  0%;  0%;  0%;0.0874;51.8;0.0229;48.1;0;0;0;0;0;2.54;41.2;0;56.2;0;0;0;0;0;1.78;88.3;0;9.96;0;0;0;0;0;27.1;63.2;0;9.63;0;0;0;0;0;35.8;35.1;40.3;43.1;8.27 ;8.52 ;8.59 ;7.82 ;
2017-11-11;08:05:45.719;0.00763;0.349;0.0219;0.762;7.56;18.2;0.584;0.264;0.00291;0.00701;0.553;0.309;2.59e+03;7.44e+03;2.13e+03;0.697;17.4;0.0153;0.381;710;2.87;75.3;0.0104;21.8;0;0;0;0;0;155;33.1;0.000221;0.34;0.000651;0.762;0.0422;0.223;0.811;0.173;0.00224;0.0119; 34800;1;2;0.14;0.088;50;0.0123;0.635;0.0194;0.762;7.49;17.8;0.579;0.266;0.00715;0.017; 51440;129;314;0.139;0.0481;52;5.79e-05;0.252;0.000229;0.762;0.011;0.073;0.85;0.143;0.00223;0.0149; 19040;0;2;0.135;0.0865;54;0.0179;0.266;0.0672;0.762;0.0127;0.0818;0.845;0.164;8.32e-06;5.38e-05; 12640;0;3;0.138;0.0863;52;146;20.5;21;  0%;  0%;  0%;51.8;51.5;53.7;  0%;  0%;  0%;141;20.6;20.2;  0%;  0%;  0%;19.9;142;21.6;  0%;  0%;  0%;0.0854;40.5;0.0414;59.4;0;0;0;0;0;2.55;90;0;7.5;0;0;0;0;0;0.0301;90;0;9.97;0;0;0;0;0;8.82;80.9;0;10.2;0;0;0;0;0;34.7;39.7;39.4;41.3;8.28 ;8.51 ;8.58 ;7.76 ;
2017-11-11;08:05:46.731;0.00337;0.642;0.00524;0.762;7.22;18.8;0.617;0.273;0.00631;0.0165;0.531;0.3;1.14e+03;1.78e+03;2.12e+03;1.28;32.1;0.00673;0.168;675;0.688;84.3;0.0128;15;0;0;0;0;0;155;33;0.000219;0.299;0.000734;0.762;0.0405;0.223;0.818;0.174;0.00217;0.0119; 35440;2;2;0.135;0.0854;50;0.0131;0.675;0.0194;0.762;7.16;18.5;0.613;0.275;0.00642;0.0166; 51440;97;254;0.134;0.0473;52;5.78e-05;0.146;0.000396;0.761;0.0118;0.0702;0.831;0.158;0.00241;0.0143; 19040;0;4;0.13;0.0837;54;7.34e-05;0.173;0.000425;0.762;0.0132;0.0777;0.829;0.176;0.00212;0.0125; 13040;1;1;0.132;0.0832;52;140;19.5;20;  0%;  0%;  0%;49.3;48.6;51.2;  0%;  0%;  0%;134;19.5;19.1;  0%;  0%;  0%;18.9;135;20.5;  0%;  0%;  0%;0.0964;59.5;0.0513;40.4;0;0;0;0;0;2.55;90;0;7.47;0;0;0;0;0;0.052;93.9;0;6.02;0;0;0;0;0;0.0558;93.9;0;6.05;0;0;0;0;0;36.4;39.7;39.8;39.2;8.26 ;8.44 ;8.53 ;7.8 ;
2017-11-11;08:05:47.743;0.00425;0.81;0.00524;0.762;6.17;21.9;0.718;0.297;0.00427;0.0152;0.463;0.269;1.44e+03;1.78e+03;2.13e+03;1.62;40.5;0.00849;0.212;569;0.688;85;0.00684;14.3;0;0;0;0;0;155;32.8;0.000236;0.337;0.0007;0.762;0.0387;0.25;0.845;0.163;0.00193;0.0125; 36240;1;2;0.117;0.0773;51;0.0166;0.856;0.0194;0.762;6.1;21.5;0.716;0.299;0.00432;0.0152; 51360;62;186;0.118;0.0434;52;5.83e-05;0.145;0.000403;0.761;0.0119;0.0708;0.833;0.162;0.00239;0.0143; 19120;0;3;0.112;0.0742;54;7.4e-05;0.17;0.000435;0.761;0.0138;0.0784;0.824;0.188;0.00219;0.0125; 12640;0;2;0.115;0.0743;52;120;16.2;16.6;  0%;  0%;  0%;40.5;39.9;43.1;  0%;  0%;  0%;113;16.2;15.8;  0%;  0%;  0%;15.6;114;17.1;  0%;  0%;  0%;0.092;59;0.0274;40.9;0;0;0;0;0;2.55;89.5;0;7.96;0;0;0;0;0;0.0529;95;0;4.99;0;0;0;0;0;0.0571;96.5;0;3.45;0;0;0;0;0;36.3;39.8;39.9;39.4;8.17 ;8.42 ;8.49 ;7.75 ;
2017-11-11;08:05:48.756;0.00735;1.42;0.00518;0.762;14.2;21.7;0.344;0.196;0.00569;0.00867;1.32;0.878;2.5e+03;1.76e+03;2.12e+03;2.84;70.9;0.0147;0.368;1.93e+03;0.681;43.7;0.0151;55.6;0;0;0;0;0;139;35.5;0.000266;0.314;0.000847;0.762;0.036;0.251;0.856;0.169;0.00159;0.0111; 35760;1;0;0.348;0.253;50;0.029;1.5;0.0193;0.762;14.2;21.3;0.334;0.197;0.00574;0.00862; 51280;385;1130;0.297;0.136;52;6.12e-05;0.217;0.000281;0.761;0.0129;0.0805;0.84;0.13;0.00247;0.0155; 19040;0;3;0.332;0.239;54;7.55e-05;0.246;0.000308;0.762;0.0141;0.0869;0.838;0.145;0.0022;0.0135; 13040;0;2;0.345;0.25;52;356;52.9;53.3;  1%;  0%;  0%;185;189;195;  0%;  0%;  1%;337;52.8;52.2;  1%;  0%;  0%;52;349;53.6;  0%;  1%;  0%;0.111;44.4;0.0604;55.4;0;0;0;0;0;2.53;39;0;58.5;0;0;0;0;0;0.037;49.9;0;50;0;0;0;0;0;0.0404;41.4;0;58.6;0;0;0;0;0;34.9;35.2;35.4;33.9;8.85 ;8.88 ;9.25 ;8.47 ;
2017-11-11;08:05:49.848;0.0549;0.252;0.218;0.762;177;197;0.103;0.577;0.00896;0.01;23.3;36.4;1.97e+04;7.82e+04;2.15e+03;0.504;12.6;0.11;2.74;4.44e+04;28.6;55.8;0.0192;15.6;0;0.32;0;0;0;256;83.1;0.0717;0.15;0.477;0.762;80;86.1;0.0704;0.43;0.0126;0.0135; 56480;5382;16333;5;7.66;49;0.0505;0.474;0.107;0.762;30.9;35.1;0.121;0.601;0.00681;0.00775; 81440;1281;4415;6.06;10;50;0.0973;0.335;0.291;0.762;65.6;75.3;0.129;0.666;0.00748;0.00858; 49920;2730;9324;5.96;8.78;50;0.000183;0.407;0.000449;0.762;0.0271;0.355;0.924;0.055;0.00164;0.0215; 12560;0;1;6.27;9.91;51;5.79e+03;6.58e+03;4.32e+03; 28%; 32%; 21%;3.39e+03;1.43e+03;4.5e+03; 16%;  6%; 21%;3.44e+03;5.44e+03;2.79e+03; 16%; 26%; 13%;2.45e+03;1.29e+03;3e+03; 11%;  6%; 14%;62.7;16.5;0.0777;20.8;0;0.302;0;0;0;14;57.8;0;28.3;0;0.0031;0;0;0;38.1;54.1;0;7.73;0;0.975;0;0;0;0.059;94.2;0;5.77;0;0;0;0;0;71;58.6;70.3;56.4;19.5 ;21.6 ;21.7 ;20.3 ;
2017-11-11;08:05:50.864;0.0408;0.764;0.0535;0.761;89.4;103;0.128;0.718;0.00628;0.0072;8.78;10.8;1.42e+04;1.86e+04;2.27e+03;1.53;38.2;0.0817;2.04;1.39e+04;7.02;17.4;0.0183;75.5;0;16.4;0;0;0;155;52.7;0.0442;0.677;0.0653;0.761;22;27.3;0.192;0.777;0.00566;0.007; 31440;1004;3140;2.18;2.79;50;0.079;1.2;0.0659;0.762;47.4;51.6;0.0821;0.639;0.00688;0.0075; 51360;1594;4890;2.17;2.33;52;0.0398;0.484;0.0821;0.761;20;23.5;0.151;0.76;0.0058;0.00683; 37200;1056;2958;2.22;2.85;53;6.87e-05;0.251;0.000273;0.762;0.0175;0.0808;0.784;0.138;0.00293;0.0136; 12640;0;1;2.21;2.82;52;1.84e+03;1.22e+03;662;  9%;  6%;  3%;1.46e+03;901;1.37e+03;  7%;  4%;  6%;1.95e+03;1.23e+03;723;  9%;  6%;  3%;619;1.31e+03;604;  3%;  6%;  3%;8.58;9.48;0.0723;81.9;0;31.4;0;0;0;8.65;7.98;0;83.4;0;2.81;0;0;0;10.8;5.2;0;84;0;31.3;0;0;0;0.0359;47.3;0;52.7;0;0;0;0;0;38.7;38.7;39.6;38.3;13.2 ;12.8 ;14.1 ;12.6 ;
2017-11-11;08:05:51.879;0.00235;0.448;0.00524;0.761;5.85;6.7;0.127;0.34;0.0073;0.00836;0.673;0.443;802;1.79e+03;2.13e+03;0.896;22.4;0.0047;0.117;1.06e+03;0.689;32.5;0.0243;66.8;0;1.59;0;0;0;135;33.6;0.00032;0.327;0.000978;0.752;0.061;0.384;0.841;0.11;0.00224;0.0141; 31360;6;4;0.187;0.113;50;0.00892;0.461;0.0194;0.762;5.75;6.11;0.0597;0.356;0.00754;0.00802; 50800;227;671;0.115;0.105;52;7.24e-05;0.229;0.000316;0.753;0.0299;0.114;0.738;0.0685;0.00484;0.0185; 34880;0;6;0.183;0.11;54;7.6e-05;0.246;0.000308;0.762;0.0157;0.094;0.833;0.116;0.00242;0.0145; 12320;0;0;0.187;0.115;52;137;40.7;40.4;  0%;  0%;  0%;137;136;140;  0%;  0%;  0%;132;40.7;39.7;  0%;  0%;  0%;39.4;133;41.1;  0%;  0%;  0%;0.13;20;0.0974;79.8;0;0.00435;0;0;0;2.54;33.8;0;63.7;0;0;0;0;0;0.0419;29.3;0;70.7;0;6.34;0;0;0;0.0405;47;0;53;0;0;0;0;0;32.5;34.5;33.4;34.4;8.37 ;8.53 ;8.72 ;7.96 ;
2017-11-11;08:05:52.894;0.00306;0.584;0.00525;0.761;6.5;7.38;0.119;0.305;0.00622;0.00706;0.774;0.623;1.05e+03;1.79e+03;2.13e+03;1.17;29.2;0.00613;0.153;1.23e+03;0.689;31.6;0.0248;67.7;0;12.9;0;0;0;134;33.9;0.000294;0.303;0.000972;0.743;0.0467;0.338;0.862;0.118;0.00186;0.0134; 30800;2;0;0.214;0.185;51;0.0115;0.598;0.0193;0.762;6.42;6.76;0.0505;0.318;0.00651;0.00686; 51120;269;807;0.133;0.125;52;6.61e-05;0.244;0.000271;0.762;0.0158;0.1;0.842;0.0771;0.0028;0.0178; 33120;0;4;0.21;0.156;54;0.000342;0.822;0.000416;0.762;0.0175;0.181;0.903;0.167;0.000601;0.0062; 12560;1;1;0.218;0.157;52;166;37.9;39.1;  0%;  0%;  0%;167;170;173;  0%;  0%;  0%;155;38;41.8;  0%;  0%;  0%;41;159;39.7;  0%;  0%;  0%;0.131;21;0.0993;78.8;0;51.4;0;0;0;2.54;44.1;0;53.4;0;0;0;0;0;0.0356;24.7;0;75.2;0;0;0;0;0;0.0546;36.8;0;63.2;0;0;0;0;0;32.6;35.5;32.8;33.4;8.43 ;8.58 ;8.82 ;8.1 ;
2017-11-11;08:05:53.909;0.00557;1.07;0.00521;0.762;11.8;17.6;0.331;0.418;0.00618;0.00924;0.888;0.41;1.9e+03;1.78e+03;2.13e+03;2.14;53.5;0.0111;0.279;1.13e+03;0.684;48.4;0.0236;50.9;0;0;0;0;0;141;34;0.000271;0.304;0.000892;0.762;0.0376;0.303;0.876;0.125;0.00163;0.0131; 31120;3;0;0.22;0.116;51;0.0219;1.13;0.0194;0.762;11.7;17.1;0.316;0.424;0.00626;0.00915; 51280;159;425;0.228;0.0606;52;5.71e-05;0.229;0.00025;0.762;0.0132;0.0893;0.853;0.0714;0.00271;0.0183; 31040;1;3;0.232;0.122;54;7.16e-05;0.224;0.00032;0.762;0.0138;0.0881;0.843;0.119;0.00226;0.0144; 12240;0;1;0.207;0.111;52;232;37.2;35.4;  1%;  0%;  0%;77.3;71.3;77.2;  0%;  0%;  0%;245;37.2;35.6;  1%;  0%;  0%;35.4;214;35.9;  0%;  1%;  0%;0.117;25.1;0.0934;74.7;0;0;0;0;0;2.54;77;0;20.4;0;0;0;0;0;0.0328;31.9;0;68.1;0;0;0;0;0;0.042;59.5;0.000937;40.4;0;0;0;0;0;33;38.6;33.5;35.6;8.46 ;8.58 ;8.9 ;8.03 ;
2017-11-11;08:05:54.926;0.00474;0.913;0.00519;0.762;12.5;18.1;0.313;0.414;0.00771;0.0112;0.914;0.33;1.62e+03;1.77e+03;2.13e+03;1.83;45.6;0.00948;0.237;1.17e+03;0.682;48.4;0.0259;50.9;0;0;0;0;0;141;33.9;0.000249;0.282;0.000885;0.762;0.0365;0.255;0.857;0.144;0.00172;0.012; 31040;3;1;0.229;0.0937;50;0.0186;0.961;0.0193;0.762;12.4;17.7;0.3;0.418;0.00783;0.0112; 51360;153;412;0.241;0.0522;52;5.71e-05;0.234;0.000244;0.762;0.013;0.088;0.853;0.0777;0.00266;0.018; 31040;0;6;0.23;0.0955;54;7.08e-05;0.234;0.000303;0.762;0.0135;0.0882;0.847;0.124;0.00223;0.0146; 12480;0;2;0.214;0.0883;53;247;42.4;40.9;  1%;  0%;  0%;67.8;60.4;67.1;  0%;  0%;  0%;248;42.5;40.6;  1%;  0%;  0%;40.4;227;41.5;  0%;  1%;  0%;0.116;32.8;0.104;66.9;0;0;0;0;0;2.54;72.8;0;24.6;0;0;0;0;0;0.032;32.7;0;67.3;0;0;0;0;0;0.0398;55.2;0;44.8;0;0;0;0;0;33.8;38.2;33.6;35.2;8.41 ;8.67 ;8.75 ;8.03 ;
2017-11-11;08:05:55.942;0.00474;0.9;0.00527;0.762;12.8;18.6;0.314;0.404;0.00789;0.0115;0.94;0.341;1.62e+03;1.8e+03;2.13e+03;1.8;45;0.00949;0.237;1.21e+03;0.692;44.1;0.0299;55.1;0;0;0;0;0;139;34;0.000334;0.315;0.00106;0.762;0.0475;0.396;0.88;0.125;0.00167;0.0139; 31360;1;1;0.235;0.0969;51;0.0185;0.955;0.0194;0.762;12.7;18.1;0.296;0.411;0.00805;0.0114; 51040;173;497;0.247;0.0537;52;6.81e-05;0.223;0.000305;0.762;0.0176;0.0957;0.816;0.0846;0.00303;0.0165; 31200;0;3;0.236;0.0979;54;8.42e-05;0.228;0.000369;0.762;0.0179;0.0955;0.813;0.122;0.00249;0.0133; 12240;0;1;0.222;0.0922;52;255;43.8;42.6;  1%;  0%;  0%;70.1;63.9;69.9;  0%;  0%;  0%;255;43.7;42;  1%;  0%;  0%;41.7;236;43;  0%;  1%;  0%;0.139;17.6;0.119;82.1;0;0;0;0;0;2.54;62.5;0;35;0;0;0;0;0;0.04;37.1;0;62.9;0;0;0;0;0;0.0484;59.3;0;40.6;0;0;0;0;0;32.4;37.2;34.1;35.7;8.44 ;8.66 ;8.83 ;8.05 ;
2017-11-11;08:05:56.957;0.00474;0.906;0.00524;0.762;13;19;0.313;0.4;0.00804;0.0117;0.959;0.353;1.62e+03;1.79e+03;2.14e+03;1.81;45.3;0.00949;0.237;1.24e+03;0.687;37.9;0.0271;61.4;0;0;0;0;0;137;33.9;0.000338;0.307;0.0011;0.762;0.0505;0.404;0.875;0.125;0.00175;0.014; 31600;1;1;0.242;0.101;51;0.0185;0.959;0.0193;0.762;12.9;18.4;0.296;0.406;0.0082;0.0116; 51200;177;523;0.25;0.055;52;5.91e-05;0.225;0.000263;0.762;0.0133;0.0873;0.848;0.082;0.00263;0.0173; 31120;0;4;0.238;0.1;54;7.24e-05;0.242;0.000299;0.762;0.0141;0.0861;0.836;0.132;0.00228;0.014; 12480;0;0;0.23;0.0965;52;263;44.2;43.4;  1%;  0%;  0%;71.9;67.4;73.1;  0%;  0%;  0%;259;44.1;42.7;  1%;  0%;  0%;42.5;246;44;  0%;  1%;  0%;0.145;18.6;0.107;81.2;0;0;0;0;0;2.53;39.5;0;58;0;0;0;0;0;0.0345;38;0;62;0;0;0;0;0;0.0392;55.4;0.0013;44.6;0;0;0;0;0;32.3;34.9;34.1;35.3;8.42 ;8.64 ;8.82 ;7.99 ;
2017-11-11;08:05:57.974;0.00469;0.908;0.00517;0.762;13.2;19;0.307;0.395;0.00823;0.0119;0.973;0.353;1.6e+03;1.76e+03;2.13e+03;1.82;45.4;0.00938;0.235;1.26e+03;0.678;39.1;0.0176;60.2;0;0;0;0;0;137;33.9;0.000246;0.282;0.000875;0.762;0.035;0.251;0.86;0.142;0.00167;0.0119; 31600;0;1;0.244;0.101;51;0.0184;0.954;0.0193;0.762;13.1;18.6;0.294;0.399;0.00836;0.0118; 51200;199;582;0.254;0.055;52;5.71e-05;0.233;0.000245;0.762;0.0119;0.0862;0.862;0.0845;0.00244;0.0177; 31040;0;2;0.242;0.0992;54;7.17e-05;0.263;0.000272;0.762;0.0137;0.0869;0.842;0.132;0.00224;0.0142; 12160;0;2;0.233;0.0974;52;265;45.1;44.2;  1%;  0%;  0%;72;69.2;73.8;  0%;  0%;  0%;263;45.1;43.7;  1%;  0%;  0%;43.5;250;44.7;  0%;  1%;  0%;0.115;23.2;0.0705;76.6;0;0;0;0;0;2.53;48.9;0;48.5;0;0;0;0;0;0.0322;35.4;0;64.5;0;0;0;0;0;0.0358;48.8;0;51.2;0;0;0;0;0;32.9;35.8;34;34.7;8.45 ;8.65 ;8.79 ;8 ;
2017-11-11;08:05:58.990;0.0047;0.908;0.00518;0.762;12.7;18.8;0.322;0.396;0.00793;0.0117;0.939;0.337;1.6e+03;1.77e+03;2.13e+03;1.82;45.4;0.0094;0.235;1.22e+03;0.679;39.5;0.0179;59.8;0;0;0;0;0;137;33.7;0.000254;0.283;0.0009;0.762;0.0354;0.263;0.865;0.14;0.00163;0.0121; 31840;0;4;0.238;0.097;51;0.0184;0.955;0.0193;0.762;12.7;18.3;0.309;0.401;0.00806;0.0117; 51200;198;547;0.24;0.0522;52;5.73e-05;0.238;0.000241;0.762;0.0117;0.0859;0.863;0.0842;0.0024;0.0176; 31200;0;3;0.229;0.0921;54;7.34e-05;0.262;0.00028;0.762;0.0136;0.0906;0.85;0.133;0.00217;0.0145; 12720;0;0;0.232;0.0953;52;259;43.5;43.8;  1%;  0%;  0%;66.4;67.7;70.8;  0%;  0%;  0%;247;43.4;42.6;  1%;  0%;  0%;42.3;249;44.3;  0%;  1%;  0%;0.118;22.1;0.0716;77.7;0;0;0;0;0;2.53;51.6;0;45.8;0;0;0;0;0;0.0317;33.4;0;66.6;0;0;0;0;0;0.0368;51;0;49;0;0;0;0;0;32.7;36.1;33.7;34.9;8.38 ;8.59 ;8.75 ;8.03 ;
2017-11-11;08:06:00.007;0.00486;0.934;0.0052;0.762;12.5;19;0.344;0.399;0.00753;0.0115;0.926;0.341;1.66e+03;1.78e+03;2.13e+03;1.87;46.7;0.00972;0.243;1.21e+03;0.683;36.1;0.0223;63.2;0;0;0;0;0;136;34;0.000273;0.288;0.000949;0.762;0.0364;0.302;0.879;0.126;0.00156;0.0129; 31840;1;2;0.237;0.0989;50;0.019;0.986;0.0193;0.762;12.4;18.5;0.33;0.404;0.00765;0.0114; 51280;201;576;0.235;0.0525;52;6.23e-05;0.232;0.000268;0.762;0.0135;0.0925;0.854;0.0829;0.00254;0.0174; 31280;0;1;0.22;0.0909;54;7.61e-05;0.25;0.000304;0.762;0.0135;0.09;0.85;0.13;0.00208;0.0138; 12320;1;0;0.234;0.0984;52;258;42.3;43.5;  1%;  0%;  0%;64.4;69.8;71.8;  0%;  0%;  0%;237;42.2;41.5;  1%;  0%;  0%;41.3;251;43.9;  0%;  1%;  0%;0.125;20.1;0.0884;79.7;0;0;0;0;0;2.53;39.6;0;57.9;0;0;0;0;0;0.0353;33.3;0;66.7;0;0;0;0;0;0.04;51.4;0.000633;48.5;0;0;0;0;0;32.5;35;33.7;35;8.49 ;8.67 ;8.73 ;8.07 ;
2017-11-11;08:06:01.022;0.00554;1.07;0.00519;0.762;10.7;19;0.434;0.43;0.00569;0.01;0.793;0.273;1.89e+03;1.77e+03;2.14e+03;2.14;53.4;0.0111;0.277;1.02e+03;0.681;35.1;0.0225;64.2;0;0;0;0;0;136;33.5;0.00027;0.29;0.000931;0.762;0.0368;0.314;0.883;0.12;0.00159;0.0136; 31920;1;0;0.207;0.079;51;0.0217;1.13;0.0193;0.762;10.7;18.5;0.422;0.435;0.00576;0.00997; 51200;161;507;0.194;0.0411;52;5.77e-05;0.238;0.000243;0.762;0.0117;0.0866;0.865;0.0745;0.00237;0.0176; 31200;1;1;0.181;0.071;54;7.25e-05;0.256;0.000283;0.762;0.0134;0.0882;0.848;0.118;0.00217;0.0143; 12560;0;3;0.211;0.0814;52;221;35.9;39.2;  1%;  0%;  0%;46.8;56.2;55.3;  0%;  0%;  0%;190;35.9;36.1;  0%;  0%;  0%;35.9;224;39.7;  0%;  1%;  0%;0.122;17.2;0.0898;82.6;0;0;0;0;0;2.53;42.9;0;54.6;0;0;0;0;0;0.0318;32.2;0;67.7;0;0;0;0;0;0.0372;47.9;0;52.1;0;0;0;0;0;32.1;35.3;33.6;34.5;8.33 ;8.55 ;8.64 ;7.93 ;
2017-11-11;08:06:02.038;0.0084;1.61;0.00522;0.762;14.8;20.2;0.264;0.383;0.00517;0.00703;1.23;0.471;2.87e+03;1.78e+03;2.13e+03;3.22;80.5;0.0168;0.42;1.68e+03;0.685;39.6;0.0169;59.7;0;0;0;0;0;138;34.4;0.000263;0.29;0.000905;0.762;0.0365;0.278;0.869;0.134;0.00163;0.0124; 32160;1;1;0.322;0.138;50;0.0329;1.71;0.0193;0.762;14.8;19.6;0.247;0.388;0.00525;0.00698; 51280;313;948;0.292;0.0786;52;5.81e-05;0.23;0.000253;0.762;0.012;0.0884;0.864;0.0789;0.00243;0.0178; 31200;0;1;0.303;0.12;54;0.000349;0.84;0.000415;0.762;0.0195;0.18;0.891;0.189;0.000656;0.00604; 12400;0;3;0.317;0.135;52;334;61.2;62.2;  1%;  0%;  0%;108;115;120;  0%;  0%;  0%;313;61.1;60.4;  1%;  0%;  0%;60.2;325;62.3;  0%;  1%;  0%;0.119;24;0.0675;75.8;0;0;0;0;0;2.53;60.9;0;36.6;0;0;0;0;0;0.0332;35.2;0.00034;64.7;0;0;0;0;0;0.0545;38.1;0;61.8;0;0;0;0;0;33;37.3;33.9;33.7;8.57 ;8.77 ;8.95 ;8.15 ;
2017-11-11;08:06:03.053;0.00985;1.2;0.00822;0.761;24.2;26.3;0.0775;0.378;0.00721;0.00781;2.15;1.44;3.36e+03;2.81e+03;2.13e+03;2.4;59.9;0.0197;0.493;3.29e+03;1.08;35.5;0.0276;63.4;0;0.758;0;0;0;138;37.9;0.000278;0.278;0.001;0.735;0.0443;0.327;0.865;0.12;0.00187;0.0138; 26560;1;0;0.565;0.367;51;0.0197;1.12;0.0176;0.762;12.2;12.6;0.0369;0.362;0.00723;0.00751; 37840;269;778;0.555;0.401;52;0.0193;1.38;0.0141;0.762;12;13.2;0.0917;0.398;0.00728;0.00801; 52000;358;1159;0.472;0.342;54;7.18e-05;0.309;0.000232;0.762;0.0134;0.0897;0.85;0.107;0.00219;0.0147; 12720;0;2;0.558;0.336;52;323;362;100;  1%;  1%;  0%;435;133;135;  2%;  0%;  0%;502;273;270;  2%;  1%;  1%;340;316;101;  1%;  1%;  0%;0.136;10.9;0.11;88.9;0;3.03;0;0;0;2.31;41.6;0;56.1;0;0;0;0;0;1.84;47.8;0;50.4;0;0;0;0;0;0.0305;41.7;0;58.2;0;0;0;0;0;32;35.1;36.8;34.2;9.4 ;9.8 ;9.71 ;8.97 ;
2017-11-11;08:06:04.069;0.0062;1.19;0.00522;0.762;21.7;28.1;0.226;0.701;0.0103;0.0133;1.97;0.852;2.12e+03;1.78e+03;2.13e+03;2.38;59.5;0.0124;0.31;2.7e+03;0.685;38.6;0.0211;60.6;0;0;0;0;0;138;36.6;0.000251;0.265;0.000948;0.762;0.0307;0.255;0.88;0.143;0.00143;0.0119; 26400;0;2;0.506;0.234;51;6.65e-05;0.203;0.000327;0.762;0.0212;0.0904;0.766;0.0837;0.00374;0.0159; 38240;0;1;0.501;0.27;52;0.0244;1.26;0.0193;0.762;21.6;27.6;0.216;0.704;0.0104;0.0133; 52080;505;1567;0.456;0.12;54;7.84e-05;0.276;0.000284;0.762;0.0138;0.0948;0.855;0.116;0.00206;0.0142; 12320;0;0;0.502;0.228;52;85.5;538;92;  0%;  2%;  0%;531;85;85.4;  2%;  0%;  0%;184;198;193;  0%;  1%;  0%;534;85;92.4;  2%;  0%;  0%;0.124;12.6;0.0843;87.2;0;0;0;0;0;0.0429;68.8;0;31.2;0;0;0;0;0;2.53;33.2;0;64.3;0;0;0;0;0;0.0373;40.1;0;59.9;0;0;0;0;0;32;36.2;36.3;33.9;9.12 ;9.48 ;9.28 ;8.75 ;
2017-11-11;08:06:05.085;0.00732;1.41;0.00519;0.762;15;19.5;0.23;0.859;0.00601;0.00781;1.1;0.497;2.5e+03;1.77e+03;2.13e+03;2.82;70.6;0.0146;0.366;1.42e+03;0.681;36.3;0.0208;63;0;0;0;0;0;137;34.4;0.000251;0.263;0.000954;0.762;0.0383;0.261;0.853;0.14;0.00178;0.0122; 26720;2;0;0.28;0.143;51;6.16e-05;0.243;0.000254;0.762;0.0125;0.0833;0.85;0.0928;0.00237;0.0159; 38400;0;4;0.28;0.161;52;0.0289;1.5;0.0193;0.762;15;19.1;0.216;0.861;0.00607;0.00773; 52080;268;809;0.263;0.058;54;7.3e-05;0.274;0.000267;0.762;0.013;0.0924;0.86;0.121;0.00208;0.0148; 12720;0;3;0.274;0.135;52;42.6;298;44.7;  0%;  1%;  0%;301;42.5;42.5;  1%;  0%;  0%;94.7;89.7;85.7;  0%;  0%;  0%;290;42.4;45.1;  1%;  0%;  0%;0.125;20.3;0.0831;79.5;0;0;0;0;0;0.0333;55.8;0;44.2;0;0;0;0;0;2.53;25.5;0;72;0;0;0;0;0;0.035;43.6;0;56.4;0;0;0;0;0;32.7;34.8;35.3;34.2;8.56 ;8.88 ;8.75 ;8.17 ;
2017-11-11;08:06:06.157;0.0317;0.285;0.111;0.762;72.2;79.8;0.0948;0.519;0.00646;0.00714;13.7;24;1.12e+04;3.92e+04;2.15e+03;0.57;14.2;0.0634;1.58;2.55e+04;14.6;31.3;0.0244;54.1;0;1.12;0;0;0;200;64.2;0.0619;0.259;0.239;0.762;41.5;43.6;0.0468;0.292;0.00764;0.00801; 53840;2887;10018;2.68;4.65;50;0.0233;0.203;0.115;0.762;9.83;11.1;0.112;0.112;0.00478;0.00539; 52720;1022;3298;3.64;6.43;50;0.0416;0.455;0.0915;0.761;20.8;24.9;0.164;0.728;0.00567;0.00678; 47360;1324;4807;3.18;5.61;51;0.000131;0.388;0.000338;0.762;0.0313;0.226;0.861;0.0803;0.0027;0.0195; 12320;0;1;4.23;7.29;51;3.27e+03;3.27e+03;3.13e+03; 16%; 16%; 15%;1.97e+03;1.15e+03;2.78e+03;  9%;  5%; 13%;1.92e+03;2.74e+03;1.43e+03;  9%; 13%;  7%;1.03e+03;712;2.06e+03;  5%;  3%; 10%;31.4;8.35;0.0981;60.1;0;1.15;0;0;0;15.1;40.6;0;44.4;0;0.4;0;0;0;12;28.5;0;59.5;0;2.92;0;0;0;0.0443;47.7;0;52.2;0;0;0;0;0;53.3;49.5;51.7;45.8;14.8 ;16.7 ;16.2 ;16.5 ;
2017-11-11;08:06:07.388;0.0746;0.199;0.376;0.762;218;236;0.0768;0.407;0.00718;0.00777;34.7;59.1;3.04e+04;1.53e+05;2.24e+03;0.397;9.93;0.149;3.73;6.27e+04;49.3;19.7;0.0425;31;0;2;0;0;0;310;114;0.0965;0.19;0.507;0.762;66.4;72.6;0.0848;0.391;0.00704;0.00769; 48720;4100;15170;7.91;13.2;49;0.112;0.216;0.518;0.762;80.9;86.4;0.0635;0.405;0.00714;0.00762; 44800;5242;17599;8.81;14.8;50;0.0923;0.188;0.49;0.762;70.9;76.4;0.0728;0.427;0.00739;0.00797; 47200;4217;14993;8.25;14.2;51;0.000367;0.697;0.000526;0.762;0.0428;0.988;0.957;0.0428;0.00112;0.0259; 12000;1;0;9.74;16.8;51;7.51e+03;6.19e+03;4.17e+03; 32%; 26%; 17%;7.24e+03;4.69e+03;7.36e+03; 31%; 20%; 31%;7.04e+03;5.81e+03;3.86e+03; 30%; 24%; 16%;2.75e+03;3.23e+03;2.84e+03; 11%; 13%; 12%;66.5;8.22;0.0148;25.2;0;1.35;0;0;0;68;8.76;0.154;23.1;0;2.01;0;0;0;64.3;5.77;0.0023;29.9;0;4.59;0;0;0;0.0691;54.9;0;45;0;0;0;0;0;82.6;82.4;83.3;61.9;26.8 ;28.8 ;29.2 ;28.8 ;
2017-11-11;08:06:08.403;0.0314;0.26;0.121;0.761;50.4;55.3;0.0882;0.0702;0.00453;0.00497;8.57;15.5;1.11e+04;4.29e+04;2.58e+03;0.519;13;0.0628;1.57;1.52e+04;15.9;13;0.0497;71.1;0;32;0;0;0;164;53.2;0.0482;0.257;0.188;0.761;24.1;26.2;0.0791;0.0725;0.00537;0.00583; 51200;1790;6047;2.02;3.69;50;0.0401;0.255;0.157;0.761;14.7;15.8;0.0684;0.0721;0.00412;0.00442; 53520;1527;5127;2.04;3.64;51;0.0353;0.269;0.131;0.76;11.6;12.6;0.0825;0.0651;0.00379;0.00414; 51120;1299;4298;2.07;3.73;53;0.000262;0.618;0.000424;0.762;0.0206;0.708;0.971;0.029;0.000913;0.0314; 11600;0;1;2.43;4.47;52;1.63e+03;1.61e+03;1.08e+03;  8%;  7%;  5%;1.59e+03;1.12e+03;1.76e+03;  7%;  5%;  8%;1.55e+03;1.72e+03;1.13e+03;  7%;  8%;  5%;631;614;711;  3%;  3%;  3%;24.7;6.72;0.067;68.5;0;6.25;0;0;0;20.6;3.59;0.118;75.7;0;60.2;0;0;0;17.3;3.16;0.00923;79.6;0;62.5;0;0;0;0.0557;39.3;0;60.6;0;0;0;0;0;42.9;40.2;41.9;38.8;12.9 ;13.4 ;13.7 ;13.2 ;
2017-11-11;08:06:09.474;0.0995;0.293;0.339;0.762;210;262;0.198;0.238;0.00591;0.00737;29.4;48;3.55e+04;1.21e+05;2.14e+03;0.587;14.7;0.199;4.98;5.41e+04;44.5;21.7;0.00966;33.7;0;8;0;0;0;255;94.7;0.136;0.286;0.476;0.762;71.2;87.2;0.183;0.236;0.00591;0.00723; 47840;4070;13561;6.72;10.6;48;0.125;0.297;0.423;0.762;66.2;83.6;0.208;0.242;0.00591;0.00746; 47680;4162;11627;8.08;13.1;50;0.137;0.298;0.459;0.762;72.4;90.3;0.198;0.238;0.00592;0.00737; 51360;3842;13705;6.54;10.4;49;0.000342;0.632;0.000541;0.762;0.0425;0.748;0.943;0.0701;0.00139;0.0244; 12240;1;1;8.02;13.8;51;6.21e+03;5.57e+03;3.65e+03; 30%; 27%; 17%;5.82e+03;3.26e+03;5.92e+03; 28%; 15%; 29%;6.09e+03;5.49e+03;3.63e+03; 29%; 26%; 17%;2.87e+03;2.68e+03;2.86e+03; 14%; 13%; 14%;62.5;10.2;0.0337;27.2;0;1.28;0;0;0;55.5;7.62;0.00502;36.8;0;8.92;0;0;0;60.3;6.06;0.000166;33.6;0;21.7;0;0;0;0.0711;62.8;0;37.2;0;0;0;0;0;69.4;64.9;68.3;52.5;22.3 ;25.2 ;23.3 ;24 ;
2017-11-11;08:06:10.489;0.0587;0.502;0.117;0.762;181;273;0.336;0.315;0.00898;0.0135;12.5;8.95;2.02e+04;4.02e+04;2.25e+03;1;25.1;0.117;2.93;1.92e+04;15.4;10.8;0.0156;73.9;0;31;0;0;0;173;50.5;0.0729;0.468;0.156;0.762;57.1;84.8;0.327;0.312;0.00903;0.0134; 33680;1283;3939;3.07;2.28;50;0.069;0.476;0.145;0.762;56.2;85.8;0.345;0.316;0.00947;0.0145; 32400;1128;3303;3.13;2.48;51;0.0923;0.556;0.166;0.762;68;102;0.333;0.319;0.00859;0.0129; 52560;1567;4489;3.16;2.38;53;0.000211;0.631;0.000334;0.762;0.0215;0.474;0.955;0.042;0.00119;0.0262; 11840;0;2;3.1;1.81;52;1.84e+03;2.26e+03;856;  9%; 11%;  4%;2.1e+03;730;1.79e+03; 10%;  3%;  9%;2.01e+03;2.08e+03;932; 10%; 10%;  4%;1.66e+03;1.43e+03;1.5e+03;  8%;  7%;  7%;20.5;3.32;0.0617;76.2;0;59.5;0;0;0;19;2.91;0;78.1;0;62.6;0;0;0;21.8;5.14;0;73.1;0;1.41;0;0;0;0.0439;31.9;0;68.1;0;0;0;0;0;44.3;42.5;47.2;39.2;12.5 ;13 ;13.2 ;11.8 ;
2017-11-11;08:06:11.626;0.0168;0.654;0.0257;0.761;30.8;47;0.346;0.421;0.00516;0.00788;6.39;7.36;5.97e+03;9.12e+03;2.13e+03;1.31;32.7;0.0336;0.84;9.79e+03;3.38;18.2;0.0136;78.4;0;11;0;0;0;170;48;0.0158;0.682;0.0232;0.76;8.25;10.4;0.204;0.447;0.00607;0.00762; 50560;249;1009;1.27;1.34;49;0.0281;0.466;0.0603;0.762;15.8;18.8;0.159;0.493;0.00641;0.00763; 42160;1473;1353;2.57;3.4;50;0.0235;1.18;0.02;0.762;6.66;17.7;0.624;0.297;0.00313;0.00831; 61920;109;415;1.26;1.32;51;7.08e-05;0.284;0.000249;0.762;0.0164;0.0944;0.827;0.119;0.00255;0.0147; 11920;1;1;1.29;1.29;51;2.16e+03;613;480; 10%;  3%;  2%;808;648;1.87e+03;  3%;  3%;  9%;907;590;187;  4%;  2%;  0%;275;737;516;  1%;  3%;  2%;3.06;4.71;0.0563;92.2;0;39.9;0;0;0;7.92;18.2;0;73.9;0;0.551;0;0;0;2.63;10.5;0;86.8;0;4.81;0;0;0;0.0327;38.8;0;61.2;0;0;0;0;0;42.8;45;41.2;40.9;11.3 ;13.8 ;11.9 ;10.9 ;
2017-11-11;08:06:12.642;0.0634;0.593;0.107;0.762;145;185;0.217;0.672;0.0062;0.00792;9.44;10.4;2.34e+04;3.94e+04;2.39e+03;1.19;29.6;0.127;3.17;1.62e+04;14;16;0.294;69.6;0;9.13;0;0;0;171;51.5;0.128;0.643;0.199;0.762;75.4;98.8;0.237;0.69;0.00621;0.00814; 32960;1594;6494;1.87;1.53;50;0.0524;0.618;0.0847;0.762;25.9;33.2;0.218;0.665;0.00532;0.00681;  8160;1124;1697;3.19;4.36;51;0.0699;0.5;0.14;0.762;43.4;52.8;0.178;0.638;0.00688;0.00837; 51360;1343;5812;1.91;1.76;53;0.000347;0.873;0.000397;0.762;0.0426;0.249;0.829;0.137;0.00136;0.00795; 11600;0;1;2.47;2.76;52;1.3e+03;1.65e+03;781;  6%;  7%;  3%;1.85e+03;241;1.79e+03;  8%;  1%;  8%;2.22e+03;2.08e+03;1.48e+03; 10%;  9%;  7%;1.19e+03;335;1.33e+03;  5%;  1%;  6%;26.1;8.23;0.22;65.4;0;18.5;0;0;0;11.1;11.9;0.939;76;0;11.6;0;0;0;18.3;14;0;67.7;0;5.86;0;0;0;0.0522;30.5;0;69.4;0;0;0;0;0;45.1;39.9;46.9;39.5;11.7 ;14.5 ;12.9 ;12.4 ;
2017-11-11;08:06:13.655;0.0647;0.724;0.0894;0.762;73.1;123;0.408;0.745;0.00331;0.00559;5.79;4.24;2.21e+04;3.05e+04;2.13e+03;1.45;36.2;0.129;3.24;8.5e+03;11.7;25.5;0.294;62.5;0;11.6;0;0;0;159;41.7;0.156;0.685;0.227;0.762;45.8;76.7;0.403;0.725;0.00345;0.00578; 50400;1249;3086;1.57;1.25;50;0.0231;0.919;0.0252;0.761;3.71;8.88;0.583;0.79;0.00188;0.0045; 51120;53;246;1.39;0.993;51;0.08;0.762;0.105;0.762;23.6;37.7;0.373;0.769;0.00347;0.00553; 38400;527;1627;1.39;1.06;53;7.92e-05;0.279;0.000283;0.762;0.0214;0.12;0.821;0.087;0.00318;0.0178; 11920;1;0;1.45;0.938;52;767;1.29e+03;568;  3%;  6%;  2%;563;203;1e+03;  2%;  1%;  5%;436;1.61e+03;379;  2%;  8%;  1%;560;214;908;  2%;  1%;  4%;29.8;11.1;0.656;58.4;0;39.4;0;0;0;3.31;32.2;0.517;64;0;0.0203;0;0;0;13.8;12.7;0.00298;73.5;0;7.18;0;0;0;0.0372;46;0;54;0;0;0;0;0;45.3;36.3;40.1;36.8;10.5 ;10.6 ;11 ;9.63 ;
2017-11-11;08:06:14.691;0.128;0.512;0.25;0.762;369;499;0.261;0.31;0.00829;0.0112;53.5;25;4.45e+04;8.68e+04;2.13e+03;1.02;25.6;0.256;6.39;7.58e+04;32.8;35.5;5.87;25.9;0;5.14;0;0;0;290;91.6;0.21;0.504;0.416;0.762;151;203;0.259;0.287;0.00828;0.0112; 47120;5987;17948;13.5;6.82;47;0.18;0.495;0.363;0.762;134;179;0.255;0.306;0.00855;0.0115; 40560;5044;15778;13.4;6.65;49;0.122;0.557;0.22;0.761;84.4;116;0.274;0.353;0.00793;0.0109; 53920;3034;8869;13.2;6.18;49;0.000116;0.417;0.000278;0.762;0.0343;0.225;0.848;0.0575;0.0034;0.0223; 11520;1;1;13.3;5.34;50;8.68e+03;6.25e+03;3.56e+03; 43%; 31%; 17%;6.35e+03;3.36e+03;9.19e+03; 31%; 16%; 46%;7.53e+03;8.39e+03;2.94e+03; 37%; 42%; 14%;5.08e+03;6.75e+03;7.73e+03; 25%; 33%; 38%;54.6;26;9.16;10.2;0;0.9;0;0;0;47.7;32.7;6.93;12.7;0;0.32;0;0;0;28.9;25.3;7.37;38.5;0;19.3;0;0;0;0.0365;57.9;0;42;0;0;0;0;0;80.3;77.6;73.7;58.9;23.4 ;23.5 ;23.6 ;21.2 ;
2017-11-11;08:06:15.703;0.127;0.573;0.221;0.762;371;496;0.251;0.301;0.00862;0.0115;51.5;21.3;4.31e+04;7.53e+04;2.17e+03;1.15;28.6;0.253;6.33;7.41e+04;29;34.2;13;23.7;0;0.262;0;0;0;285;87.3;0.145;0.618;0.235;0.761;111;148;0.252;0.319;0.00895;0.012; 30000;3855;11296;13;5.62;47;0.135;0.542;0.249;0.761;95.3;130;0.266;0.301;0.00832;0.0113; 45680;3568;10912;12.8;5.51;49;0.226;0.565;0.4;0.762;165;217;0.24;0.287;0.00858;0.0113; 47360;6108;18931;12.8;5.78;48;0.000206;0.481;0.000428;0.762;0.0635;0.286;0.778;0.189;0.00363;0.0164; 14480;2;6;12.8;4.35;50;6.5e+03;8.94e+03;3.07e+03; 33%; 45%; 15%;9.18e+03;3.04e+03;6.74e+03; 47%; 15%; 34%;6.89e+03;6.8e+03;3.41e+03; 35%; 34%; 17%;8.41e+03;5.35e+03;5.75e+03; 43%; 27%; 29%;30.9;38.9;17.7;12.5;0;0.0418;0;0;0;32.6;39.5;18.5;9.45;0;0.637;0;0;0;52.5;25.7;15.9;5.89;0;0.369;0;0;0;0.0562;32.8;0.00129;67.1;0;0;0;0;0;72.8;72.2;84.5;55.5;21.9 ;22.2 ;23.1 ;20.1 ;
2017-11-11;08:06:16.717;0.117;0.591;0.198;0.762;350;463;0.246;0.307;0.00877;0.0116;48.2;19.5;3.99e+04;6.74e+04;2.13e+03;1.18;29.6;0.234;5.85;6.86e+04;26;34.2;8.94;30.8;0;1.53;0;0;0;281;85.3;0.124;0.573;0.217;0.762;99.2;131;0.24;0.296;0.00941;0.0124; 58720;3587;10342;12.2;5.2;49;0.0963;0.585;0.165;0.761;69.6;92.3;0.246;0.351;0.00849;0.0113; 30400;2424;7540;12.1;4.82;49;0.248;0.604;0.411;0.762;181;240;0.248;0.294;0.00857;0.0114; 49120;6979;20682;12;5.17;50;0.000112;0.419;0.000267;0.762;0.0331;0.205;0.839;0.0669;0.00347;0.0215; 14000;0;2;12;4.26;50;5.32e+03;9.3e+03;2.95e+03; 27%; 47%; 15%;9.07e+03;2.85e+03;5.87e+03; 46%; 14%; 30%;5.59e+03;6.27e+03;3.13e+03; 28%; 32%; 16%;8.45e+03;4.51e+03;5.28e+03; 43%; 23%; 27%;28.4;43.6;13.8;14.2;0;0.274;0;0;0;21.6;30.9;15.4;32.1;0;0.0499;0;0;0;53.9;23.8;6.57;15.7;0;5.8;0;0;0;0.0351;38.6;0;61.3;0;0;0;0;0;71.7;67.5;85.8;56.4;21.4 ;21.5 ;22.5 ;19.9 ;
2017-11-11;08:06:17.736;0.128;0.58;0.22;0.762;379;507;0.252;0.31;0.00869;0.0116;53.1;22;4.36e+04;7.53e+04;2.13e+03;1.16;29;0.255;6.39;7.6e+04;28.9;30.6;7.05;33.4;0;0.971;0;0;0;287;89.6;0.157;0.584;0.268;0.762;118;157;0.246;0.325;0.00884;0.0117; 79520;4462;12709;13.4;5.87;48;0.148;0.606;0.244;0.762;110;149;0.26;0.324;0.00872;0.0118; 51920;3925;11629;13.3;5.71;49;0.206;0.559;0.369;0.761;151;201;0.25;0.288;0.00855;0.0114; 36560;5676;17552;13.2;5.95;50;0.000104;0.392;0.000266;0.762;0.0441;0.175;0.748;0.0663;0.00495;0.0197; 14400;0;3;13.2;4.5;51;7.06e+03;8.84e+03;3.34e+03; 36%; 45%; 17%;8.64e+03;3.17e+03;7.25e+03; 44%; 16%; 37%;6.97e+03;7.24e+03;3.31e+03; 35%; 37%; 16%;7.93e+03;5.9e+03;6.29e+03; 40%; 30%; 32%;35.2;19.5;21.1;24.3;0;3.39;0;0;0;32.1;35.1;3.24;29.6;0;0.301;0;0;0;48.5;19.2;3.91;28.4;0;0.189;0;0;0;0.0349;48.7;0;51.3;0;0;0;0;0;73.3;72.4;82.6;58.3;22.5 ;22.8 ;23.6 ;20.6 ;
2017-11-11;08:06:18.771;0.109;0.704;0.155;0.762;354;468;0.245;0.307;0.00937;0.0124;47.8;19.4;3.77e+04;5.36e+04;2.14e+03;1.41;35.2;0.218;5.44;6.77e+04;20.3;33;3;43.6;0;0.737;0;0;0;274;87.5;0.123;0.611;0.201;0.762;104;138;0.248;0.266;0.00981;0.013; 60080;4085;10955;12.1;5.36;46;0.2;0.665;0.3;0.762;155;204;0.239;0.278;0.00901;0.0119; 47280;5934;16905;12;5.4;47;0.114;0.954;0.119;0.762;94.4;126;0.249;0.387;0.00955;0.0127; 69680;2796;8331;11.8;4.91;47;0.000145;0.537;0.000271;0.762;0.0406;0.365;0.889;0.0365;0.00321;0.0288; 14160;1;3;11.9;3.73;50;8.05e+03;5.58e+03;2.89e+03; 40%; 28%; 14%;5.8e+03;3.12e+03;6.72e+03; 29%; 15%; 33%;8.01e+03;6.38e+03;2.72e+03; 40%; 32%; 13%;4.93e+03;7.65e+03;5.83e+03; 24%; 38%; 29%;26.4;28.6;6.81;38.2;0;0;0;0;0;39.4;36.7;3.44;20.4;0;0.0873;0;0;0;15.7;33.7;1.79;48.8;0;2.85;0;0;0;0.0355;33.1;0;66.9;0;0;0;0;0;70.7;77.2;70;56.1;21.9 ;22.6 ;22.9 ;20.1 ;
2017-11-11;08:06:19.786;0.122;0.6;0.204;0.761;368;488;0.246;0.316;0.00876;0.0116;49.9;20.7;4.2e+04;7e+04;2.17e+03;1.2;30;0.245;6.12;7.17e+04;26.8;26.7;5.17;41.4;0;1.53;0;0;0;279;87;0.256;0.603;0.424;0.762;186;248;0.25;0.3;0.00845;0.0113; 47600;6897;20622;12.7;5.93;46;0.13;0.619;0.21;0.761;102;136;0.25;0.335;0.00911;0.0121; 51760;3368;10587;12.4;5.27;47;0.103;0.568;0.181;0.762;80;104;0.23;0.327;0.0091;0.0118; 40480;2904;8823;12.3;5.29;47;0.000111;0.43;0.000257;0.762;0.0378;0.224;0.831;0.054;0.004;0.0237; 14240;2;2;12.4;4.19;50;6.75e+03;6.17e+03;3.19e+03; 34%; 31%; 16%;5.42e+03;3.01e+03;9.86e+03; 27%; 15%; 50%;5.88e+03;9.49e+03;2.97e+03; 29%; 48%; 15%;5.02e+03;5.48e+03;8.41e+03; 25%; 27%; 42%;55.6;22.5;8.08;13.8;0;4.84;0;0;0;27.6;25.2;7.51;39.7;0;1.27;0;0;0;23.7;23.6;5.06;47.6;0;0;0;0;0;0.0338;35.4;0;64.5;0;0;0;0;0;81.8;69.7;71.4;56.3;22.2 ;22.3 ;22.6 ;19.9 ;
2017-11-11;08:06:20.801;0.112;0.627;0.178;0.761;329;438;0.249;0.317;0.00863;0.0115;44.9;19;3.81e+04;6.08e+04;2.13e+03;1.25;31.3;0.224;5.59;6.41e+04;23.4;20;10.5;46.1;0;18.4;0;0;0;264;82.4;0.149;0.66;0.226;0.762;109;147;0.258;0.3;0.0086;0.0116; 43200;3975;12011;11.3;5.03;47;0.159;0.617;0.257;0.761;112;149;0.246;0.336;0.00829;0.011; 46000;4029;12479;11.3;5.09;48;0.14;0.605;0.231;0.762;108;142;0.242;0.314;0.00905;0.0119; 49200;4031;11685;11.1;5.04;48;0.000142;0.491;0.00029;0.724;0.0387;0.331;0.883;0.0418;0.00319;0.0273; 13760;0;3;11.2;3.82;50;6.74e+03;6.35e+03;2.82e+03; 34%; 32%; 14%;6.4e+03;2.73e+03;6.49e+03; 32%; 14%; 33%;6.45e+03;6.41e+03;2.71e+03; 33%; 32%; 13%;5.56e+03;5.8e+03;5.61e+03; 28%; 29%; 28%;29.7;22.7;26.6;21.1;0;4.16;0;0;0;33.8;21.1;4.23;40.9;0;4.19;0;0;0;30.3;20.7;11.3;37.7;0;4.8;0;0;0;0.04;15.4;0;84.6;0;60.5;0;0;0;69.7;69.4;72.6;52.6;20.7 ;21 ;21.8 ;18.9 ;
2017-11-11;08:06:21.816;0.107;0.665;0.161;0.761;329;432;0.24;0.319;0.00902;0.0119;43.5;19.2;3.64e+04;5.48e+04;2.13e+03;1.33;33.2;0.214;5.34;6.18e+04;21.1;31.1;2.63;45.2;0;9.5;0;0;0;269;82.4;0.101;0.758;0.133;0.761;75.8;103;0.262;0.339;0.00882;0.0119; 49680;2486;7341;11;5.32;48;0.173;0.664;0.26;0.761;130;167;0.225;0.355;0.00881;0.0114; 55280;4602;13406;10.8;4.98;49;0.154;0.616;0.249;0.762;123;162;0.241;0.263;0.0094;0.0124;  2240;4632;13586;10.8;5.12;49;9.95e-05;0.396;0.000252;0.762;0.0353;0.178;0.801;0.0665;0.00416;0.0209; 14080;0;5;10.8;3.79;50;6.7e+03;6.57e+03;2.38e+03; 34%; 33%; 12%;7.22e+03;2.86e+03;5.48e+03; 37%; 14%; 28%;6.76e+03;4.9e+03;2.68e+03; 34%; 25%; 13%;6.23e+03;5.82e+03;4.17e+03; 31%; 29%; 21%;17.5;16.4;4.28;61.8;0;37.6;0;0;0;34.1;31.1;4.12;30.6;0;0.347;0;0;0;32.7;28;2.12;37.2;0;0.0476;0;0;0;0.033;48.8;0;51.2;0;0;0;0;0;64;72.2;75.7;57;20.8 ;21.2 ;21.8 ;18.7 ;